MODEL RESULTS for run at: cv_l2logreg_100_X_nolvl1drop_qids_c_y_nolvl1drop_trdrem_qids_c_all_20201019-2305

Model Parameters:-----------------------------------
Evaluation: cv
Model: l2logreg
Feature selection: all
X is: C:\Users\jjnun\Documents\Sync\Research\1_CANBIND_Replication\teyden-git\data\final_datasets\for_paper_20201012\\X_nolvl1drop_qids_c.csv
y is: C:\Users\jjnun\Documents\Sync\Research\1_CANBIND_Replication\teyden-git\data\final_datasets\for_paper_20201012\\y_nolvl1drop_trdrem_qids_c.csv
100 runs of 10-fold CV

Summary of Results:------------------------------------
Mean accuracy is: 0.7024, with Standard Deviation: 0.004227
Mean balanced accuracy is: 0.7113, with Standard Deviation: 0.004658
Mean AUC is: 0.7832, with Standard Deviation: 0.002942
Mean sensitivty is: 0.7315, with Standard Deviation: 0.007790
Mean specificty is: 0.6911, with Standard Deviation: 0.005050
Mean precision is: 0.4771, with Standard Deviation: 0.004861
Mean f1 is: 0.5763, with Standard Deviation: 0.0053
Mean true positive is: 0.2035, with Standard Deviation: 0.002184
Mean false positive is: 0.2230, with Standard Deviation: 0.003656
Mean true negative is: 0.4988, with Standard Deviation: 0.003656
Mean false negative is: 0.0746, with Standard Deviation: 0.002184
Mean number of features used is: 472.2949 of 480, with Standard Deviation: 0.0477

Feature Importance And Use:---------------------------
Top 31 Features by importance, in descending order (1st most important):
By position in data matrix, 1 added to skip index=0 
[ 22 221 368 448  43  25 417 202 373 160 190  16 114 164 158 240 468  74
 155 165 192 173 126 421 215 218 239 184  13 256 478]
ccv01_w2__effct
pdsq01__frbus
qids01_w2c__vmdsd
ucq01__ucq060
dm01_enroll__resid||4.0
ccv01_w2__stmed
sfhs01__sfhs03
pdsq01__anwor
qids01_w2c__vcntr
pdsq01__cd2y
pdsq01__obvlt
crs01__liverd
idsc01__iapin
pdsq01__trwit
pdsq01__slp2y
pdsq01__emanx
imput_anyanxiety
dm01_w0__inc_curr
pdsq01__spf2w
pdsq01__tetht
pdsq01__obint
pdsq01__tedst
idsc01__iagit
sfhs01__sfhs07
pdsq01__imvcs
pdsq01__frcwd
pdsq01__empty
pdsq01__ebups
crs01__neuro
pdsq01__wysdt
imput_idsc5w2

Statistical Significance:----------------------------
Raw results:----------------------------------------
Accuracies
[0.70039683,0.70714286,0.70396825,0.70634921,0.70714286,0.69880952,0.70396825,0.69166667,0.7047619,0.70277778,0.69642857,0.70238095,0.71031746,0.70753968,0.70674603,0.70595238,0.70396825,0.69603175,0.70277778,0.70277778,0.7047619,0.69603175,0.70714286,0.7015873,0.69761905,0.70198413,0.69960317,0.6968254,0.70515873,0.70515873,0.69365079,0.70357143,0.69365079,0.7,0.7047619,0.71111111,0.70873016,0.70952381,0.69444444,0.70039683,0.70039683,0.69880952,0.70595238,0.70119048,0.7031746,0.6984127,0.70634921,0.7015873,0.69801587,0.70079365,0.70039683,0.6984127,0.70039683,0.70277778,0.70396825,0.70357143,0.69722222,0.70833333,0.70079365,0.70039683,0.70198413,0.70634921,0.70515873,0.7,0.7,0.70436508,0.70396825,0.70833333,0.71111111,0.69801587,0.69801587,0.70595238,0.70555556,0.69603175,0.70198413,0.69563492,0.70198413,0.70674603,0.69880952,0.7031746,0.70396825,0.70357143,0.69404762,0.69880952,0.70674603,0.70634921,0.70714286,0.70873016,0.69761905,0.70079365,0.70515873,0.70238095,0.70912698,0.69880952,0.70079365,0.70277778,0.6968254,0.70119048,0.7047619,0.70515873]
Balanced Accuracies
[0.70882097,0.71529461,0.71451257,0.71386032,0.71862478,0.70389803,0.71373132,0.70526338,0.71182413,0.71338691,0.70625219,0.70943912,0.71758136,0.71364429,0.71957071,0.71224122,0.71050721,0.70294504,0.7117648,0.7088236,0.71281376,0.70061367,0.71919311,0.71172052,0.70680465,0.71159112,0.71013836,0.70469651,0.71498773,0.71531877,0.70626926,0.71177736,0.70136487,0.71045183,0.71337307,0.7222206,0.7178707,0.7171765,0.70217291,0.70867183,0.70847769,0.706212,0.71450602,0.70943489,0.71191929,0.71018701,0.7116589,0.70933863,0.70296059,0.70934705,0.71332707,0.70866474,0.71412011,0.71353874,0.71211656,0.71141222,0.70667867,0.71597417,0.71013645,0.70544314,0.71194406,0.71349868,0.71394082,0.70900643,0.711024,0.7108872,0.71541,0.7162361,0.72165309,0.70685999,0.70612413,0.71014191,0.71322429,0.70275889,0.71290474,0.70758053,0.71053343,0.7170771,0.70806924,0.71274595,0.71444335,0.70914055,0.69900716,0.70817892,0.7176288,0.71864071,0.71662985,0.72035565,0.70896695,0.70897822,0.71309247,0.71226543,0.71730187,0.7087474,0.70685253,0.71031967,0.71212722,0.7093781,0.71548543,0.7123073,]
AUCs
[0.78136791,0.78424271,0.78476696,0.7852583,0.7860334,0.77736193,0.78078606,0.78684882,0.78849561,0.78444885,0.78849106,0.78373043,0.78515054,0.78142137,0.78911834,0.78217259,0.77969593,0.77947007,0.78076218,0.78243402,0.78088978,0.77822388,0.7893326,0.78500329,0.77918519,0.78497134,0.77675358,0.78693737,0.7875997,0.7858154,0.78355951,0.78140718,0.77704349,0.78136776,0.78683143,0.78387144,0.78303564,0.78354087,0.78369925,0.78271263,0.78274271,0.77875148,0.78519418,0.78477569,0.7832604,0.78492486,0.78677727,0.78428374,0.78146976,0.78463568,0.7853074,0.77903261,0.78647601,0.78374678,0.78131915,0.783548,0.78067347,0.7822272,0.78208931,0.77940068,0.78558467,0.7874084,0.78096887,0.78017699,0.77659346,0.786651,0.78454356,0.78389521,0.78923033,0.7823873,0.77846639,0.7832792,0.77915564,0.78202464,0.78428486,0.77992759,0.78367652,0.78638785,0.78636758,0.78457528,0.78376574,0.77946759,0.78221015,0.78063521,0.78122196,0.78546081,0.78498772,0.78356267,0.78176875,0.78021689,0.78160828,0.78837663,0.7859423,0.7843696,0.78181262,0.78616739,0.78566416,0.77986868,0.78462176,0.78225632]
Sensitivites
[0.73065632,0.73405317,0.73742279,0.73015973,0.7433273,0.71535762,0.73450785,0.73342859,0.72793154,0.73530373,0.72744795,0.7248538,0.73521469,0.72710602,0.74697314,0.72601384,0.72739506,0.71787922,0.73294258,0.72263698,0.73309247,0.71221323,0.74626374,0.73462082,0.7275353,0.73320249,0.73290192,0.72236763,0.73688553,0.74151763,0.7334555,0.73153546,0.72140302,0.73411854,0.73209478,0.74793442,0.73829969,0.7358925,0.72106177,0.72727663,0.72702069,0.72298753,0.73322445,0.73021605,0.73287896,0.73699045,0.72468749,0.72700762,0.71447565,0.72695846,0.7402151,0.73152654,0.74368198,0.73785332,0.72957503,0.72744647,0.7288559,0.73332499,0.73184019,0.71818214,0.73560492,0.7287032,0.73346825,0.72820184,0.73619412,0.72332182,0.74220487,0.73556194,0.74711187,0.72796971,0.72469148,0.71878606,0.73177478,0.71860553,0.73664938,0.73521471,0.72956687,0.73972999,0.72988234,0.73350218,0.7385899,0.72305156,0.71145323,0.72969421,0.73983014,0.74577677,0.73768525,0.7467365,0.73261756,0.72910463,0.73152171,0.73549656,0.73528694,0.73065186,0.72136858,0.72800624,0.74697071,0.72755338,0.73916116,0.73000391]
Specificities
[0.68698562,0.69653604,0.69160234,0.69756091,0.69392226,0.69243843,0.69295479,0.67709816,0.69571672,0.69147009,0.68505642,0.69402443,0.69994804,0.70018256,0.69216828,0.69846861,0.69361936,0.68801086,0.69058701,0.69501022,0.69253505,0.68901411,0.69212247,0.68882021,0.68607401,0.68997975,0.68737479,0.6870254,0.69308992,0.68911991,0.67908302,0.69201926,0.68132671,0.68678512,0.69465135,0.69650678,0.69744172,0.69846051,0.68328406,0.69006704,0.68993468,0.68943647,0.69578758,0.68865374,0.69095962,0.68338358,0.69863032,0.69166964,0.69144553,0.69173564,0.68643903,0.68580294,0.68455824,0.68922415,0.69465809,0.69537797,0.68450144,0.69862335,0.6884327,0.69270414,0.68828319,0.69829415,0.69441338,0.68981101,0.68585388,0.69845259,0.68861513,0.69691026,0.69619431,0.68575028,0.68755678,0.70149775,0.69467379,0.68691225,0.68916011,0.67994635,0.69149999,0.69442422,0.68625614,0.69198972,0.69029679,0.69522953,0.68656109,0.68666364,0.69542747,0.69150465,0.69557446,0.69397479,0.68531634,0.68885181,0.69466322,0.6890343,0.6993168,0.68684294,0.69233648,0.6926331,0.67728373,0.69120282,0.69180969,0.69461069]
Precisions
[0.47435453,0.48162898,0.48106972,0.48157639,0.48357071,0.47288242,0.47990745,0.46787103,0.48019077,0.47631313,0.47242657,0.47757831,0.48437787,0.48277555,0.48267419,0.48124459,0.47805052,0.46976615,0.47657663,0.47668054,0.47782192,0.46881208,0.48302347,0.47594734,0.47119752,0.47556572,0.47458308,0.47051958,0.48018597,0.47692786,0.46835733,0.47983491,0.467563,0.47444306,0.47975333,0.48798317,0.48464237,0.48405642,0.4665163,0.47528009,0.47639217,0.47335155,0.48431323,0.47584691,0.47613945,0.47338773,0.48166145,0.4767702,0.47209429,0.47675654,0.47627547,0.47193433,0.47756098,0.47847485,0.47843093,0.4784826,0.47160563,0.48457084,0.4761576,0.47272106,0.47411276,0.48242084,0.48068123,0.47506506,0.47466131,0.48030321,0.47872882,0.48328735,0.48704321,0.47121285,0.47108462,0.48247456,0.48086143,0.46901846,0.47778965,0.46905463,0.47670686,0.48228646,0.4724207,0.478913,0.47870139,0.47759674,0.46638828,0.4740902,0.4823319,0.48174228,0.48347137,0.4842295,0.47488356,0.47517486,0.47839443,0.47729569,0.48486915,0.47393703,0.47425736,0.47573144,0.47042871,0.47636325,0.48130084,0.47806635]
F1s
[0.57451779,0.58066902,0.58067648,0.57828596,0.58438055,0.56767025,0.57850698,0.5689792,0.57821826,0.57546043,0.57137487,0.5738272,0.5818929,0.57800941,0.58552274,0.57778867,0.5761713,0.5661529,0.57620379,0.57289818,0.57743801,0.56479601,0.58474832,0.57596152,0.57073182,0.57534072,0.57523529,0.56901292,0.58087965,0.57991875,0.56977522,0.57751719,0.56664184,0.57510853,0.57800426,0.59031372,0.58498428,0.58313978,0.56530343,0.57371417,0.57448588,0.57092554,0.58167137,0.57546523,0.57621891,0.57542675,0.57750223,0.57483089,0.56746799,0.57332017,0.57767665,0.57228185,0.57906083,0.57979698,0.5762553,0.57534699,0.57221786,0.58289011,0.57615532,0.56950894,0.5751157,0.57862472,0.57890706,0.57321247,0.57668062,0.57523449,0.58099869,0.58228464,0.58894782,0.57082568,0.56996453,0.57596643,0.57903897,0.56677187,0.5776162,0.57207948,0.57551988,0.58143642,0.57302247,0.57757043,0.57941158,0.57449954,0.56297762,0.57363697,0.58199142,0.58480896,0.58306844,0.58670047,0.57229776,0.57453045,0.57777067,0.57780837,0.58333527,0.57319729,0.57109077,0.57380022,0.57629699,0.57493334,0.58165117,0.57719329]
Number of features used
[472.25,472.23666667,472.23333333,472.28666667,472.23,472.32,472.31666667,472.25666667,472.22666667,472.24666667,472.32333333,472.33,472.15,472.30333333,472.28666667,472.33666667,472.27666667,472.33666667,472.38333333,472.29333333,472.29666667,472.31,472.33666667,472.28,472.4,472.27666667,472.31,472.34666667,472.34333333,472.32666667,472.39,472.3,472.32666667,472.27,472.28666667,472.29333333,472.34333333,472.28666667,472.40666667,472.32333333,472.32,472.21,472.26333333,472.3,472.25333333,472.24333333,472.26333333,472.28333333,472.24333333,472.30333333,472.28,472.33,472.35666667,472.29333333,472.31666667,472.23,472.31,472.35666667,472.24,472.29333333,472.38666667,472.29333333,472.29,472.32333333,472.24,472.35666667,472.34,472.23666667,472.22333333,472.32,472.32,472.34333333,472.27,472.23333333,472.34333333,472.26666667,472.17,472.26,472.28,472.24666667,472.34,472.27333333,472.28333333,472.28666667,472.30666667,472.25666667,472.3,472.31,472.31,472.25333333,472.38666667,472.25666667,472.35666667,472.35,472.29333333,472.24,472.26,472.36,472.28,472.27666667]
Mean Feature importances Across Runs
[-1.4752e-01,1.3442e-01,1.0390e-03,1.1844e-01,1.3458e-01,-6.3687e-02,3.7055e-02,8.4376e-02
,-7.9774e-02,-1.4405e-01,5.9798e-02,-6.0847e-02,1.6498e-01,3.7551e-02,-3.4628e-02,2.0972e-01
,-1.7860e-01,-4.1490e-03,-3.9773e-02,-3.0263e-01,-1.0795e-01,4.0177e-01,-2.3041e-02,-1.2607e-02
,2.7154e-01,-1.5286e-01,1.4033e-01,-5.6885e-04,0.0000e+00,-1.5104e-03,-5.2908e-02,-9.1214e-03
,3.1388e-02,-8.8387e-03,-5.1903e-02,-5.8031e-02,-2.3004e-02,1.2944e-01,1.8762e-02,-1.6658e-01
,-5.4889e-02,2.0309e-02,2.7618e-01,-4.8339e-02,-1.8472e-02,0.0000e+00,-2.1308e-02,-5.1721e-02
,1.5267e-02,-7.0121e-02,-6.0423e-03,-1.1404e-02,-4.1648e-02,7.4309e-02,-7.8473e-02,5.0157e-02
,-1.8361e-01,-1.1694e-01,-4.3791e-01,-1.9155e-01,-9.7123e-02,-2.0784e-01,5.7930e-02,-2.3961e-02
,-3.3571e-02,-2.1110e-02,5.5708e-03,8.2179e-02,-6.9820e-02,-2.7283e-03,4.6477e-02,2.8697e-02
,-1.9584e-03,1.9251e-01,-8.0586e-07,5.1901e-02,-5.4280e-05,1.2105e-02,-2.4735e-04,-1.3304e-01
,4.5618e-05,-1.6323e-05,1.3560e-02,-4.1552e-02,4.4723e-02,-8.0146e-02,-4.2435e-02,-6.7701e-02
,1.6126e-02,-1.5829e-02,-1.7428e-02,-7.5449e-02,2.0713e-03,1.2524e-01,1.1662e-01,1.2797e-01
,8.0070e-03,-7.6211e-02,-3.0629e-02,-1.8824e-03,1.0390e-01,-1.8440e-01,7.0596e-04,2.7184e-02
,5.5807e-02,7.4115e-02,-4.6926e-02,-1.7237e-02,6.8950e-02,3.8469e-02,-1.8804e-02,-2.3893e-02
,-1.1662e-01,2.0417e-01,3.9919e-02,2.8166e-02,-2.2660e-01,5.5614e-02,-8.5938e-02,1.6378e-02
,-4.5086e-02,1.1541e-01,-2.0866e-04,-1.7707e-03,2.1833e-02,1.8196e-01,1.7413e-03,8.6256e-02
,-1.6156e-02,-6.7420e-02,-3.1913e-03,8.0272e-02,4.7537e-04,3.8141e-02,1.0449e-01,-9.4267e-02
,4.1964e-02,-4.4605e-02,-1.3052e-01,3.5521e-02,-2.4967e-01,6.4737e-02,-1.7263e-01,2.4258e-03
,-1.1222e-01,9.2052e-02,-1.3941e-01,-4.8603e-02,-1.3282e-01,-1.2585e-01,-1.1694e-01,-7.1910e-02
,1.4925e-02,-5.8178e-02,1.8743e-01,-6.4013e-02,4.0666e-02,1.9851e-01,1.4972e-03,2.2642e-01
,5.9342e-02,7.7380e-02,1.0044e-01,1.9978e-01,1.8575e-01,1.6203e-01,-1.6904e-01,-1.8430e-01
,-1.2373e-01,7.2713e-02,-7.8596e-02,-7.0060e-02,1.8464e-01,4.0171e-02,-1.9789e-01,-2.0735e-02
,1.0576e-01,3.2584e-02,-1.9829e-02,-1.1758e-01,-2.1640e-01,-1.1566e-01,-3.6141e-02,1.6567e-01
,-4.4224e-03,2.9727e-02,-8.6543e-02,-5.5007e-02,3.4981e-02,2.1788e-01,3.6916e-02,1.8468e-01
,-1.0753e-01,5.4109e-02,-5.8216e-02,-2.0215e-01,3.7137e-04,1.4235e-01,-1.2935e-01,-8.3248e-03
,8.6303e-02,2.2944e-01,-1.1451e-01,1.1341e-01,-9.8358e-02,-6.1594e-02,-6.2546e-02,5.7984e-02
,-1.8129e-02,-2.4679e-02,5.7020e-02,-3.6539e-03,5.4290e-02,-4.4281e-02,1.7602e-01,2.9878e-02
,4.0302e-02,1.6970e-01,-6.4864e-02,1.5389e-01,3.3373e-01,1.3581e-01,-8.8524e-02,-5.0845e-02
,-2.2005e-02,-1.7829e-01,-2.1407e-02,6.0944e-02,-1.6859e-01,1.2954e-02,1.6238e-02,-7.1105e-02
,1.1135e-01,4.3267e-02,2.5373e-02,-5.5332e-02,-5.1008e-02,3.0143e-02,1.6663e-01,1.9503e-01
,-1.4748e-01,-1.5612e-01,-4.1899e-02,5.0025e-03,2.6563e-02,2.3485e-04,-8.3011e-02,-5.8470e-02
,-1.3835e-02,-9.1855e-02,-1.7007e-01,-9.9110e-02,-2.2904e-02,1.3374e-01,-2.4054e-01,1.6429e-01
,-6.5307e-02,-1.3180e-01,-6.8687e-02,-3.9549e-03,3.8382e-02,-1.2409e-01,9.2955e-02,1.3682e-01
,1.2035e-01,-5.5689e-04,-1.1725e-02,-1.6574e-01,1.1866e-01,1.0020e-01,-1.0033e-01,-9.6922e-02
,7.8799e-02,-1.2153e-02,-7.4327e-03,1.8844e-05,1.1390e-02,-1.4194e-02,-7.5038e-02,-4.3407e-02
,6.3744e-02,-3.6979e-02,1.5703e-01,3.9907e-02,3.2959e-02,-3.5965e-02,-1.3368e-01,6.1183e-02
,3.6752e-02,4.3464e-02,-2.3209e-02,0.0000e+00,-2.6540e-03,9.5585e-02,-5.8890e-03,1.5293e-01
,-1.4700e-01,-2.9193e-01,1.1023e-01,1.1031e-01,-7.3716e-02,2.9307e-03,7.3761e-02,-2.8950e-02
,-1.0532e-01,6.9168e-03,9.0150e-02,3.1792e-02,2.1531e-02,-3.6987e-02,2.2098e-02,1.1598e-02
,-7.5429e-03,1.4256e-02,-2.2271e-01,-2.8415e-03,0.0000e+00,0.0000e+00,0.0000e+00,-7.7028e-02
,-2.1741e-02,-1.0961e-02,-5.0365e-02,-2.8640e-02,-3.7058e-02,6.3101e-03,4.3406e-02,2.0198e-02
,7.3277e-04,1.2193e-01,-2.3018e-03,6.2099e-02,6.9733e-02,6.0817e-02,1.1219e-01,-6.3180e-02
,1.5107e-01,-1.0134e-01,1.2145e-01,9.1653e-02,1.7692e-02,-2.7780e-02,-1.0726e-02,-1.3934e-01
,1.3377e-01,-6.1199e-02,-1.1710e-01,6.3487e-02,-3.4750e-02,-2.0018e-02,-8.7174e-02,-8.7707e-02
,-8.1194e-02,4.8900e-03,1.0513e-01,7.3063e-02,-7.9696e-02,1.5837e-02,4.9150e-02,1.2620e-01
,-6.4796e-02,-2.9184e-03,-8.9436e-03,8.6839e-02,5.5732e-02,3.8707e-02,-3.9384e-02,3.1567e-01
,-4.3255e-02,-5.6902e-02,-7.6723e-02,-8.4260e-02,2.2933e-01,-1.4620e-01,-1.4203e-01,-4.9975e-02
,9.3119e-02,-4.8930e-02,8.7840e-02,9.4569e-02,-2.2149e-02,1.4960e-01,-4.1905e-02,-5.6165e-02
,3.1200e-02,3.5883e-02,2.5709e-02,2.4019e-02,-9.9019e-05,-1.2473e-01,1.0978e-01,2.1931e-03
,-5.8612e-02,6.5243e-02,1.8830e-02,9.4358e-02,1.6203e-02,1.2179e-01,2.0513e-02,1.1357e-02
,-1.1468e-02,7.3425e-02,-1.8925e-01,-1.0316e-02,-1.4009e-01,1.1565e-01,-4.2449e-02,1.6885e-02
,-3.1428e-02,5.5578e-02,3.9286e-02,-1.3917e-01,1.5544e-01,-1.2047e-02,-7.6725e-02,3.5034e-03
,2.3418e-01,-5.6834e-03,-1.6315e-01,-1.6569e-01,1.8138e-01,-1.1204e-01,5.7312e-02,-1.0389e-01
,-4.6744e-02,2.5315e-02,-2.3753e-02,-2.5337e-02,2.1334e-03,-1.4686e-02,1.2132e-01,3.0995e-02
,-6.1896e-02,-1.8422e-02,2.1352e-02,-1.3543e-01,5.8788e-02,8.6466e-02,-5.6083e-02,2.9361e-02
,5.3064e-02,-3.4026e-02,-7.7216e-03,1.5352e-02,-3.4111e-02,2.3276e-02,-3.7585e-02,2.7624e-01
,-1.6970e-02,-1.1132e-03,-3.7859e-02,-8.5162e-04,-8.5843e-03,-5.8313e-03,-6.3179e-04,-1.4221e-03
,1.5068e-02,-1.3292e-03,4.2165e-03,-6.3179e-03,1.1240e-03,-1.9048e-02,-6.3098e-02,1.1250e-01
,5.0101e-02,-6.4668e-02,1.5786e-02,1.9415e-01,4.1223e-03,-7.2089e-02,1.2936e-01,-2.9158e-03
,-2.1313e-02,1.3857e-02,8.7889e-03,1.6732e-02,-2.5381e-02,1.6368e-01,-1.8104e-02,3.3158e-02]
Mean Feature importances std. deviation Across Runs
[3.7584e-03,3.8045e-03,4.3391e-05,5.3058e-03,5.0817e-03,6.3507e-03,3.8677e-03,5.5089e-03,6.4685e-03
,7.2002e-03,5.7082e-03,5.0865e-03,5.4337e-03,5.2244e-03,4.4605e-03,6.8326e-03,4.8685e-03,8.3869e-04
,3.0567e-03,3.2028e-03,5.9768e-03,5.0854e-03,1.2063e-03,5.6983e-03,5.3326e-03,3.7231e-03,3.7773e-03
,6.9690e-05,0.0000e+00,4.5021e-05,5.9621e-03,2.3987e-03,3.2699e-03,2.0854e-03,1.6220e-03,4.7500e-03
,5.4775e-03,5.3267e-03,2.3053e-03,5.5700e-03,4.4299e-03,5.7230e-03,4.7632e-03,3.3209e-03,1.2428e-03
,0.0000e+00,2.4294e-03,5.3656e-03,5.8954e-03,5.7045e-03,5.0993e-03,4.6504e-03,4.8219e-03,5.0629e-03
,5.5396e-03,4.0177e-03,6.2318e-03,6.0954e-03,5.3293e-03,5.4816e-03,5.2548e-03,4.7060e-03,4.6960e-03
,2.4771e-03,4.4180e-03,5.1050e-03,4.9044e-03,4.7464e-03,4.6240e-03,5.7609e-03,4.4692e-03,4.2772e-03
,4.3597e-03,5.7344e-03,3.2986e-06,5.7123e-03,1.2332e-05,2.9378e-03,2.1019e-05,4.4267e-03,8.9915e-06
,2.5333e-06,4.3905e-03,4.4109e-03,4.2793e-03,4.6434e-03,3.8295e-03,5.4970e-03,4.9931e-03,5.9068e-03
,3.6713e-03,3.7616e-03,3.7464e-03,2.9507e-03,4.0244e-03,5.0477e-03,3.4560e-03,2.9459e-03,3.2765e-03
,2.5492e-03,4.1072e-03,4.4436e-03,4.3763e-03,6.0594e-03,5.8879e-03,4.6181e-03,4.7245e-03,4.7146e-03
,3.9755e-03,2.9828e-03,5.6056e-03,3.0826e-03,4.4896e-03,4.7168e-03,4.5203e-03,4.4417e-03,3.9525e-03
,4.1569e-03,4.0083e-03,5.0986e-03,4.3836e-03,4.3199e-03,4.9527e-03,3.4832e-03,6.0946e-03,5.4866e-03
,4.4563e-03,5.7381e-03,4.6437e-03,3.3917e-03,3.9020e-03,5.6118e-03,4.5852e-03,5.7805e-03,6.3469e-03
,5.9549e-03,5.6041e-03,5.4278e-03,6.5566e-03,5.6983e-03,5.9694e-03,5.6777e-03,6.8780e-03,5.1303e-03
,6.1187e-03,5.9292e-03,5.5887e-03,5.9709e-03,6.0588e-03,5.5313e-03,5.3437e-03,5.8768e-03,6.2974e-03
,5.3933e-03,5.7587e-03,5.7388e-03,5.4492e-03,5.4647e-03,6.3797e-03,5.3754e-03,5.9935e-03,5.8536e-03
,5.7764e-03,6.0569e-03,6.4053e-03,5.6826e-03,5.5593e-03,6.0135e-03,5.3455e-03,6.0314e-03,6.0494e-03
,6.2207e-03,4.8863e-03,5.5516e-03,6.0378e-03,6.3120e-03,5.5951e-03,5.6278e-03,5.6549e-03,5.9972e-03
,5.8628e-03,5.3698e-03,4.9863e-03,4.9543e-03,6.2795e-03,4.7904e-03,6.0466e-03,5.8212e-03,6.1376e-03
,5.8931e-03,5.5414e-03,6.1364e-03,6.1075e-03,6.0814e-03,7.0705e-03,6.4176e-03,6.3117e-03,6.0318e-03
,5.9714e-03,7.2159e-03,6.2834e-03,6.1570e-03,6.6452e-03,5.7803e-03,5.5386e-03,4.7418e-03,5.6059e-03
,5.8599e-03,6.8046e-03,5.7566e-03,5.9718e-03,4.5744e-03,3.5899e-03,4.3515e-03,5.2515e-03,6.2907e-03
,6.9403e-03,5.3488e-03,6.3419e-03,5.9920e-03,5.6176e-03,6.9152e-03,5.6801e-03,5.2017e-03,6.4589e-03
,5.4076e-03,6.3142e-03,6.0026e-03,5.8391e-03,5.3693e-03,5.7482e-03,5.5492e-03,6.4933e-03,6.2239e-03
,5.8967e-03,5.7305e-03,6.6082e-03,5.8469e-03,5.5187e-03,5.9057e-03,5.9226e-03,5.2561e-03,4.8513e-03
,4.5711e-03,5.6070e-03,5.4162e-03,4.5066e-03,3.8961e-03,3.6804e-03,3.7424e-03,5.4060e-03,3.7895e-03
,3.9249e-03,5.8341e-03,6.4345e-03,6.9629e-03,6.2543e-03,5.8014e-03,5.3704e-03,5.6620e-03,4.9820e-03
,5.5188e-03,5.9566e-03,5.9530e-03,6.0285e-03,6.9264e-03,6.6721e-03,7.1749e-03,5.6137e-03,5.3272e-03
,5.9876e-03,5.6825e-03,5.3297e-03,3.8781e-04,4.5607e-04,2.8903e-06,5.8901e-03,4.7815e-03,4.2547e-03
,2.2836e-03,4.4820e-03,2.5613e-03,5.4495e-03,5.3893e-03,2.9703e-03,4.8758e-03,5.6232e-03,6.1447e-03
,2.1761e-03,2.2762e-03,1.7759e-03,0.0000e+00,1.8037e-03,1.6157e-03,4.9944e-03,5.6627e-03,5.0321e-03
,6.7407e-03,4.8382e-03,4.4183e-03,4.6076e-03,3.0429e-03,4.8236e-03,5.4909e-03,5.6094e-03,4.3739e-03
,4.6190e-03,4.8582e-03,5.0900e-03,4.7821e-03,3.9355e-03,3.0125e-03,2.3229e-03,1.1951e-03,5.9351e-03
,3.0539e-04,0.0000e+00,0.0000e+00,0.0000e+00,4.7219e-03,4.1861e-03,1.7656e-03,2.1260e-03,3.0932e-03
,2.2857e-03,1.3523e-03,1.0834e-03,1.9961e-03,2.5202e-03,4.6588e-03,4.1869e-03,5.1784e-03,5.5730e-03
,5.1918e-03,4.7994e-03,6.3969e-03,5.2179e-03,5.3460e-03,5.1922e-03,4.2148e-03,5.2206e-03,4.7826e-03
,5.1182e-03,5.3581e-03,5.8155e-03,3.4897e-03,4.5203e-03,5.0000e-03,4.1596e-03,5.1496e-03,5.2416e-03
,5.9312e-03,6.4037e-03,5.8742e-03,5.0322e-03,5.9161e-03,3.4654e-03,5.4012e-03,4.9295e-03,5.5321e-03
,5.3912e-03,5.2104e-03,2.3651e-03,4.6648e-03,4.4882e-03,4.5421e-03,5.2563e-03,5.4157e-03,5.8142e-03
,4.8537e-03,6.0865e-03,6.0246e-03,5.8205e-03,3.9756e-03,5.6319e-03,5.0355e-03,5.9139e-03,5.4960e-03
,5.3613e-03,2.7280e-03,5.0253e-03,4.7848e-03,5.3282e-03,5.4623e-03,5.8972e-03,5.5847e-03,4.8562e-03
,6.0929e-03,6.0630e-03,5.9287e-03,4.8896e-03,5.2367e-03,5.4164e-03,5.0318e-03,6.1044e-03,5.5178e-03
,1.8725e-03,4.7015e-03,4.7124e-03,4.4968e-03,4.1759e-03,4.4809e-03,4.3343e-03,3.7910e-03,5.0420e-03
,4.5502e-03,3.6871e-03,3.9656e-03,4.2999e-03,4.7198e-03,5.9379e-03,4.5729e-03,5.6761e-03,6.8369e-04
,4.5398e-03,5.2103e-03,5.5153e-03,5.7105e-03,4.8395e-03,3.9467e-03,5.4601e-03,4.8129e-03,3.8745e-03
,4.4614e-03,5.0595e-03,4.7896e-03,7.1806e-04,7.0915e-04,4.0638e-03,4.5839e-03,3.7562e-03,5.5770e-03
,5.6019e-03,1.8181e-03,5.6380e-03,5.9866e-03,4.3862e-03,5.9137e-03,5.2579e-03,2.9013e-03,4.5389e-03
,2.0842e-03,4.2500e-03,2.7918e-03,3.0690e-03,4.7935e-03,2.8358e-03,6.2126e-03,1.8177e-03,1.1902e-04
,1.7640e-03,7.7086e-04,1.4341e-03,5.8732e-04,2.0505e-05,1.4230e-03,6.5582e-04,2.3799e-04,4.5453e-04
,2.0505e-04,5.4476e-04,2.2676e-03,2.5728e-03,2.3486e-03,1.9469e-03,2.2938e-03,6.4065e-04,5.0620e-03
,1.5840e-03,2.5418e-03,2.5262e-03,2.5016e-03,2.9818e-03,2.6149e-03,2.5280e-03,3.3975e-03,3.4790e-03
,2.7444e-03,2.7134e-03,1.3592e-03]
