MODEL RESULTS for run at: cv_rf_100_X_nolvl1drop_qids_c_y_nolvl1drop_trdrem_qids_c_elas_20201018-0701

Model Parameters:-----------------------------------
Evaluation: cv
Model: rf
Feature selection: elas
X is: C:\Users\jjnun\Documents\Sync\Research\1_CANBIND_Replication\teyden-git\data\final_datasets\for_paper_20201012\\X_nolvl1drop_qids_c.csv
y is: C:\Users\jjnun\Documents\Sync\Research\1_CANBIND_Replication\teyden-git\data\final_datasets\for_paper_20201012\\y_nolvl1drop_trdrem_qids_c.csv
100 runs of 10-fold CV

Summary of Results:------------------------------------
Mean accuracy is: 0.7053, with Standard Deviation: 0.005650
Mean balanced accuracy is: 0.7200, with Standard Deviation: 0.006112
Mean AUC is: 0.7890, with Standard Deviation: 0.005332
Mean sensitivty is: 0.7526, with Standard Deviation: 0.010227
Mean specificty is: 0.6873, with Standard Deviation: 0.006631
Mean precision is: 0.4813, with Standard Deviation: 0.006415
Mean f1 is: 0.5857, with Standard Deviation: 0.0071
Mean true positive is: 0.2093, with Standard Deviation: 0.002827
Mean false positive is: 0.2258, with Standard Deviation: 0.004793
Mean true negative is: 0.4961, with Standard Deviation: 0.004793
Mean false negative is: 0.0689, with Standard Deviation: 0.002827
Mean number of features used is: 30.9720 of 480, with Standard Deviation: 0.0245

Feature Importance And Use:---------------------------
Top 31 Features by importance, in descending order (1st most important):
By position in data matrix, 1 added to skip index=0 
[480 167 155 156 157 158 159 160 161 162 163 164 165 166 168 153 169 170
 171 172 173 174 175 176 177 178 179 180 154 152 123]
imput_qidscpccg

pdsq01__temem
pdsq01__spf2w
pdsq01__sad2y
pdsq01__apt2y
pdsq01__slp2y
pdsq01__trd2y
pdsq01__cd2y
pdsq01__low2y
pdsq01__hpl2y
pdsq01__trexp
pdsq01__trwit
pdsq01__tetht
pdsq01__teups
pdsq01__tedis
pdsq01__tht2w
pdsq01__teblk
pdsq01__termd
pdsq01__tefsh
pdsq01__teshk
pdsq01__tedst
pdsq01__tenmb
pdsq01__tegug
pdsq01__tegrd
pdsq01__tejmp
pdsq01__ebnge
pdsq01__ebcrl
pdsq01__ebfl
pdsq01__ser2w
pdsq01__btr2w
idsc01__iengy

Statistical Significance:----------------------------
Raw results:----------------------------------------
Accuracies
[0.71071429,0.70793651,0.71309524,0.70714286,0.71388889,0.70436508,0.70714286,0.70039683,0.7015873,0.7015873,0.70079365,0.68571429,0.70793651,0.71230159,0.70753968,0.7031746,0.71587302,0.71309524,0.70714286,0.69563492,0.70238095,0.7031746,0.70595238,0.70515873,0.69960317,0.71190476,0.71269841,0.70555556,0.70555556,0.70793651,0.70714286,0.71071429,0.7,0.70595238,0.70039683,0.71507937,0.70873016,0.70595238,0.71706349,0.7047619,0.70595238,0.70714286,0.70595238,0.70912698,0.70873016,0.69761905,0.70555556,0.70595238,0.70436508,0.70277778,0.70396825,0.70634921,0.70515873,0.70714286,0.70436508,0.70079365,0.70277778,0.69563492,0.71111111,0.71190476,0.69206349,0.69920635,0.70119048,0.70873016,0.6968254,0.70793651,0.70595238,0.70793651,0.70277778,0.71269841,0.71428571,0.71111111,0.71150794,0.70595238,0.70436508,0.70515873,0.70753968,0.70396825,0.7047619,0.70396825,0.69761905,0.70873016,0.72142857,0.70674603,0.70436508,0.6952381,0.6984127,0.70277778,0.6984127,0.70039683,0.69960317,0.71507937,0.7,0.70357143,0.70436508,0.7031746,0.71150794,0.69563492,0.70396825,0.7,]
Balanced Accuracies
[0.72511191,0.72163084,0.73046337,0.71562482,0.72287431,0.71723583,0.72391333,0.71587615,0.7133582,0.71459543,0.71649788,0.70109069,0.72747367,0.72635235,0.72337684,0.71166397,0.72945339,0.72546987,0.72085168,0.71341161,0.71527135,0.71812101,0.7251411,0.72025171,0.71218575,0.72864652,0.72592854,0.72054387,0.71832102,0.72232149,0.71763975,0.72353641,0.71613997,0.71940715,0.71326927,0.73096351,0.7304777,0.7198076,0.73216803,0.72185353,0.7179895,0.72022418,0.71590531,0.72314295,0.72046573,0.71363021,0.71563737,0.72280907,0.71771987,0.71718498,0.72042918,0.72111762,0.72249743,0.7262107,0.72117139,0.71745014,0.72080801,0.70936456,0.72892132,0.72448394,0.70699759,0.71263255,0.71645552,0.72248228,0.71326985,0.72180589,0.71696517,0.7184501,0.72197254,0.72512508,0.72587762,0.7288045,0.73171278,0.72115297,0.71742562,0.71558421,0.72359024,0.71550001,0.71695503,0.72191693,0.70412742,0.72541441,0.73348702,0.72465163,0.71969413,0.71334478,0.71294296,0.72080285,0.71299431,0.71890218,0.71055468,0.7316414,0.71439052,0.72090506,0.72175215,0.72161759,0.72246163,0.7095015,0.71668176,0.72066316]
AUCs
[0.79926946,0.79664884,0.79748653,0.78381045,0.79312798,0.7864125,0.79141714,0.78582344,0.79057372,0.7910233,0.779299,0.77507724,0.79449871,0.79348019,0.79246127,0.78568813,0.79526312,0.78933217,0.7925617,0.78423151,0.78870087,0.78527746,0.79773807,0.78746139,0.77739276,0.79075438,0.79026282,0.78697125,0.78918183,0.79113769,0.78458496,0.78629701,0.78582358,0.79046891,0.78555039,0.79633574,0.78979177,0.7922216,0.79482629,0.78870119,0.78757582,0.78979222,0.78941614,0.78575539,0.79496385,0.79043041,0.78786319,0.79220846,0.78960955,0.79112629,0.79553714,0.79080682,0.79737764,0.79066778,0.7936198,0.78768423,0.78188862,0.78142055,0.78986808,0.79169162,0.77950654,0.77817023,0.78266723,0.79311063,0.78160139,0.78675408,0.78386,0.78027431,0.79127373,0.7955662,0.7969248,0.7916201,0.7981645,0.79268126,0.7866419,0.78478038,0.79014077,0.78778993,0.79188017,0.78729146,0.78328524,0.79932491,0.80031859,0.79343875,0.78994978,0.77861275,0.78635277,0.79281076,0.77877371,0.79026425,0.78201343,0.79327395,0.78224526,0.78940891,0.79133476,0.7908904,0.78923016,0.7825314,0.78516287,0.78842145]
Sensitivites
[0.75842742,0.74781808,0.76846065,0.73483165,0.74327238,0.74702647,0.76094782,0.75052362,0.73861297,0.74397281,0.7499647,0.73370418,0.77021717,0.75564696,0.75880159,0.73501061,0.76084641,0.75163982,0.7526384,0.75222001,0.74483738,0.75284579,0.76972813,0.75554576,0.74080985,0.76674994,0.75775439,0.75427308,0.74735033,0.75344233,0.74091441,0.75362365,0.75061573,0.75052659,0.74249135,0.76750312,0.77992619,0.75275425,0.76554058,0.75830083,0.74307399,0.74842154,0.73828445,0.75355172,0.74754063,0.74788065,0.73879943,0.75954609,0.74692232,0.75118542,0.75767401,0.75341307,0.75814956,0.76837507,0.75701668,0.75518441,0.76207157,0.73837323,0.76943063,0.75400957,0.740173,0.74410088,0.75339223,0.753642,0.75095832,0.7530338,0.74272071,0.74103208,0.76501953,0.75158526,0.75249717,0.76842673,0.7770418,0.7542319,0.74701392,0.74197073,0.76122711,0.74247289,0.74490508,0.76098872,0.72072591,0.76074975,0.7626443,0.76548101,0.7521394,0.7510437,0.74578309,0.75843662,0.74662383,0.75685129,0.73434442,0.76788869,0.74611928,0.75846148,0.75823678,0.76373671,0.74802498,0.74105451,0.74521549,0.76440834]
Specificities
[0.69179639,0.6954436,0.69246609,0.69641798,0.70247624,0.68744519,0.68687884,0.68122867,0.68810343,0.68521804,0.68303106,0.6684772,0.68473016,0.69705774,0.68795209,0.68831734,0.69806037,0.69929991,0.68906496,0.6746032,0.68570532,0.68339622,0.68055407,0.68495765,0.68356165,0.69054309,0.6941027,0.68681465,0.68929171,0.69120065,0.69436508,0.69344917,0.68166421,0.6882877,0.68404718,0.6944239,0.68102922,0.68686096,0.69879548,0.68540623,0.69290501,0.69202682,0.69352616,0.69273418,0.69339083,0.67937977,0.69247531,0.68607206,0.68851742,0.68318455,0.68318435,0.68882218,0.6868453,0.68404634,0.68532609,0.67971587,0.67954445,0.68035588,0.688412,0.69495831,0.67382218,0.68116423,0.67951881,0.69132256,0.67558139,0.69057799,0.69120962,0.69586813,0.67892555,0.6986649,0.69925807,0.68918227,0.68638376,0.68807403,0.68783732,0.68919768,0.68595337,0.68852713,0.68900497,0.68284515,0.68752893,0.69007908,0.70432975,0.68382226,0.68724886,0.67564587,0.68010282,0.68316908,0.67936478,0.68095307,0.68676494,0.69539411,0.68266176,0.68334863,0.68526752,0.67949848,0.69689828,0.67794848,0.68814803,0.67691798]
Precisions
[0.48736865,0.48586142,0.49006781,0.48184885,0.49062527,0.47862895,0.48453828,0.47913299,0.47691367,0.47632472,0.47777536,0.45990777,0.48548174,0.49223533,0.48322391,0.47570488,0.49275113,0.49212258,0.48364565,0.47017917,0.47703559,0.47824501,0.48059667,0.4811191,0.47519788,0.49132355,0.48784271,0.48217834,0.4816946,0.48512805,0.48351363,0.48642889,0.47526519,0.4807005,0.47553423,0.4929048,0.48580613,0.48005605,0.49320745,0.48241863,0.48162829,0.48324909,0.48030973,0.48432778,0.48427479,0.47361429,0.48000796,0.48344639,0.47950373,0.47677296,0.47895139,0.48192368,0.48545282,0.48388069,0.48071338,0.47663576,0.47835632,0.46955648,0.48978411,0.48739644,0.46600501,0.47339016,0.47566536,0.48465129,0.47186791,0.48357748,0.48145967,0.48402024,0.47931533,0.48909893,0.49029498,0.48769973,0.48850586,0.48213762,0.47949544,0.47835064,0.48318591,0.47990486,0.48035734,0.48072017,0.46822921,0.48717939,0.49755628,0.48256483,0.48173209,0.47416602,0.47366555,0.47901468,0.47263659,0.4782978,0.4746386,0.4932001,0.47583833,0.47981509,0.48148566,0.47870159,0.48653663,0.47017744,0.47952116,0.47747882]
F1s
[0.59268686,0.58470792,0.59664657,0.58085632,0.58952499,0.58204405,0.59060602,0.58214158,0.57751897,0.57958992,0.58209829,0.56395136,0.59401931,0.59316128,0.58983458,0.5769163,0.59653472,0.59256984,0.58737031,0.57763599,0.58051641,0.58430145,0.59123239,0.58690667,0.57722515,0.59693517,0.59294109,0.58712821,0.58398793,0.58871692,0.58445043,0.59049833,0.58037439,0.5849119,0.57788703,0.59913044,0.59697051,0.58553569,0.59866447,0.58698604,0.58240452,0.58537839,0.58035921,0.58759035,0.58716458,0.57780568,0.58137016,0.58824321,0.58151307,0.5825851,0.58582752,0.58554476,0.58844344,0.59263522,0.58603321,0.58410797,0.58635025,0.57153005,0.59718644,0.59082953,0.5708262,0.57779836,0.58254284,0.589016,0.57832709,0.58710104,0.5833889,0.58400121,0.58815459,0.59122259,0.59309698,0.59554084,0.59847869,0.58695532,0.58364183,0.58080974,0.58982909,0.58247007,0.58299422,0.58804706,0.565507,0.5915573,0.60182632,0.59109013,0.58564534,0.57801631,0.57854231,0.58495886,0.57760555,0.58315395,0.57527583,0.59960637,0.57990775,0.58601649,0.58600596,0.58757542,0.58804725,0.5744226,0.58255307,0.58495763]
Number of features used
[30.97,30.99666667,30.96333333,31.,31.,30.96666667,30.98333333,30.98666667,30.98666667,31.,30.95666667,30.97666667,30.96666667,30.99,30.96333333,30.97,30.98,31.,30.99333333,31.,30.99,30.98,30.97666667,30.96333333,30.92333333,30.99333333,31.,30.97666667,30.97,30.99666667,31.,30.97333333,30.98333333,30.98,30.95,30.97,30.95666667,31.,30.97666667,31.,30.97666667,31.,31.,30.95,30.95666667,30.97666667,31.,30.94333333,30.94666667,30.95333333,30.97666667,31.,31.,30.98666667,30.95666667,30.97,30.94666667,30.9,30.96333333,30.92333333,30.95333333,30.92666667,30.99333333,30.96,30.92333333,30.90333333,30.96333333,30.97,30.97,30.99666667,31.,31.,30.97,30.99666667,30.96333333,30.95666667,30.97666667,30.91,30.98,30.96666667,30.93666667,31.,30.99,31.,30.99333333,30.91666667,30.98,30.99666667,30.96,30.99333333,30.94,31.,30.97,30.96666667,30.97333333,30.96666667,30.93,30.96666667,30.93333333,30.96666667]
Mean Feature importances Across Runs
[,nan,nan,nan,nan,nan,nan,nan,nan,nan,nan,nan,nan,nan,nan
,nan,nan,nan,nan,nan,nan,nan,0.0219,nan,nan,nan,0.0178,0.0068,nan
,nan,nan,nan,nan,nan,nan,nan,nan,nan,nan,nan,nan,nan,nan
,nan,nan,nan,nan,nan,nan,nan,nan,nan,nan,nan,nan,nan,nan
,nan,nan,0.038,nan,nan,nan,nan,nan,nan,nan,nan,nan,nan,nan
,nan,nan,nan,nan,nan,nan,nan,nan,nan,nan,nan,nan,nan,nan
,nan,nan,nan,nan,nan,nan,nan,nan,nan,nan,nan,nan,nan,nan
,nan,nan,nan,nan,nan,nan,nan,nan,nan,nan,nan,nan,nan,nan
,nan,nan,nan,nan,nan,nan,nan,nan,nan,nan,nan,nan,nan,nan
,nan,nan,nan,nan,nan,nan,nan,nan,nan,nan,nan,nan,nan,nan
,nan,nan,nan,nan,nan,nan,nan,nan,nan,nan,nan,nan,nan,nan
,nan,nan,nan,nan,nan,nan,nan,nan,nan,nan,nan,nan,nan,nan
,nan,nan,nan,nan,nan,nan,nan,nan,nan,nan,nan,nan,nan,nan
,nan,nan,nan,nan,nan,nan,nan,nan,nan,nan,nan,nan,nan,nan
,nan,nan,nan,nan,nan,nan,nan,nan,nan,nan,nan,nan,nan,nan
,nan,nan,nan,nan,nan,nan,nan,nan,nan,nan,0.0215,nan,nan,nan
,nan,nan,nan,nan,nan,nan,nan,nan,nan,nan,nan,nan,nan,nan
,nan,nan,nan,nan,nan,nan,nan,nan,nan,nan,nan,nan,nan,nan
,nan,nan,nan,nan,nan,nan,nan,nan,nan,nan,nan,nan,nan,nan
,nan,nan,nan,nan,nan,nan,nan,nan,nan,nan,nan,nan,nan,nan
,nan,nan,nan,nan,nan,nan,nan,nan,nan,nan,nan,nan,nan,nan
,nan,nan,nan,nan,nan,nan,nan,nan,nan,nan,nan,nan,nan,nan
,nan,nan,nan,nan,nan,nan,nan,nan,nan,nan,nan,nan,nan,nan
,nan,nan,nan,nan,nan,nan,nan,nan,nan,nan,nan,nan,nan,nan
,nan,nan,nan,nan,nan,nan,nan,nan,nan,nan,nan,nan,nan,nan
,nan,nan,nan,nan,nan,nan,nan,nan,nan,nan,nan,nan,nan,nan
,nan,nan,nan,0.0874,nan,nan,nan,nan,nan,nan,nan,nan,nan,nan
,nan,nan,nan,nan,nan,nan,nan,nan,nan,nan,nan,nan,nan,nan
,nan,nan,nan,nan,nan,nan,nan,nan,nan,nan,nan,nan,nan,nan
,nan,nan,nan,nan,nan,nan,nan,nan,nan,nan,nan,nan,nan,nan
,nan,nan,nan,nan,nan,nan,nan,nan,nan,nan,nan,nan,nan,nan
,nan,nan,nan,nan,nan,nan,nan,nan,nan,nan,nan,nan,nan,nan
,nan,nan,nan,nan,nan,nan,nan,nan,nan,nan,nan,nan,nan,nan
,nan,nan,nan,nan,nan,nan,nan,nan,nan,nan,nan,nan,nan,nan
,nan,nan,nan,nan]
Mean Feature importances std. deviation Across Runs
[,nan,nan,nan,nan,nan,nan,nan,nan,nan,nan,nan,nan,nan,nan
,nan,nan,nan,nan,nan,nan,nan,0.0049,nan,nan,nan,0.1094,0.0002,nan
,nan,nan,nan,nan,nan,nan,nan,nan,nan,nan,nan,nan,nan,nan
,nan,nan,nan,nan,nan,nan,nan,nan,nan,nan,nan,nan,nan,nan
,nan,nan,0.0011,nan,nan,nan,nan,nan,nan,nan,nan,nan,nan,nan
,nan,nan,nan,nan,nan,nan,nan,nan,nan,nan,nan,nan,nan,nan
,nan,nan,nan,nan,nan,nan,nan,nan,nan,nan,nan,nan,nan,nan
,nan,nan,nan,nan,nan,nan,nan,nan,nan,nan,nan,nan,nan,nan
,nan,nan,nan,nan,nan,nan,nan,nan,nan,nan,nan,nan,nan,nan
,nan,nan,nan,nan,nan,nan,nan,nan,nan,nan,nan,nan,nan,nan
,nan,nan,nan,nan,nan,nan,nan,nan,nan,nan,nan,nan,nan,nan
,nan,nan,nan,nan,nan,nan,nan,nan,nan,nan,nan,nan,nan,nan
,nan,nan,nan,nan,nan,nan,nan,nan,nan,nan,nan,nan,nan,nan
,nan,nan,nan,nan,nan,nan,nan,nan,nan,nan,nan,nan,nan,nan
,nan,nan,nan,nan,nan,nan,nan,nan,nan,nan,nan,nan,nan,nan
,nan,nan,nan,nan,nan,nan,nan,nan,nan,nan,0.0008,nan,nan,nan
,nan,nan,nan,nan,nan,nan,nan,nan,nan,nan,nan,nan,nan,nan
,nan,nan,nan,nan,nan,nan,nan,nan,nan,nan,nan,nan,nan,nan
,nan,nan,nan,nan,nan,nan,nan,nan,nan,nan,nan,nan,nan,nan
,nan,nan,nan,nan,nan,nan,nan,nan,nan,nan,nan,nan,nan,nan
,nan,nan,nan,nan,nan,nan,nan,nan,nan,nan,nan,nan,nan,nan
,nan,nan,nan,nan,nan,nan,nan,nan,nan,nan,nan,nan,nan,nan
,nan,nan,nan,nan,nan,nan,nan,nan,nan,nan,nan,nan,nan,nan
,nan,nan,nan,nan,nan,nan,nan,nan,nan,nan,nan,nan,nan,nan
,nan,nan,nan,nan,nan,nan,nan,nan,nan,nan,nan,nan,nan,nan
,nan,nan,nan,nan,nan,nan,nan,nan,nan,nan,nan,nan,nan,nan
,nan,nan,nan,0.0032,nan,nan,nan,nan,nan,nan,nan,nan,nan,nan
,nan,nan,nan,nan,nan,nan,nan,nan,nan,nan,nan,nan,nan,nan
,nan,nan,nan,nan,nan,nan,nan,nan,nan,nan,nan,nan,nan,nan
,nan,nan,nan,nan,nan,nan,nan,nan,nan,nan,nan,nan,nan,nan
,nan,nan,nan,nan,nan,nan,nan,nan,nan,nan,nan,nan,nan,nan
,nan,nan,nan,nan,nan,nan,nan,nan,nan,nan,nan,nan,nan,nan
,nan,nan,nan,nan,nan,nan,nan,nan,nan,nan,nan,nan,nan,nan
,nan,nan,nan,nan,nan,nan,nan,nan,nan,nan,nan,nan,nan,nan
,nan,nan,nan,nan]
