MODEL RESULTS for run at: cv_gbdt_100_X_full_trd_y_all_trd_all_20200727-1318.txt

Model Parameters:-----------------------------------
Evaluation: cv
Model: gbdt
Feature selection: all
X is: C:\Users\jjnun\Documents\Sync\Research\1_CANBIND Replication\teyden-git\data\final_datasets\to_run_20200311\1_Replication\X_lvl2_rem_qids01__final.csv
y is: C:\Users\jjnun\Documents\Sync\Research\1_CANBIND Replication\teyden-git\data\final_datasets\to_run_20200311\1_Replication\y_lvl2_rem_qids01__final.csv
100 runs of 10-fold CV

Summary of Results:------------------------------------
Mean accuracy is: 0.7129, with Standard Deviation: 0.002839
Mean balanced accuracy is: 0.7349, with Standard Deviation: 0.003437
Mean AUC is: 0.8087, with Standard Deviation: 0.001732
Mean sensitivty is: 0.7840, with Standard Deviation: 0.006092
Mean specificty is: 0.6857, with Standard Deviation: 0.003383
Mean precision is: 0.4902, with Standard Deviation: 0.003279
Mean f1 is: 0.6019, with Standard Deviation: 0.0038
Mean true positive is: 0.2180, with Standard Deviation: 0.001644
Mean false positive is: 0.2269, with Standard Deviation: 0.002394
Mean true negative is: 0.4949, with Standard Deviation: 0.002394
Mean false negative is: 0.0602, with Standard Deviation: 0.001644
Mean number of features used is: 0.0000 of 480, with Standard Deviation: 0.0000

Feature Importance And Use:---------------------------
Top 30 Features by importance, in descending order (1st most important):
By position in data matrix, 1 added to skip index=0 
Code does not support feature for this model at this time
Statistical Significance:----------------------------
Raw results:----------------------------------------
Accuracies
[0.71150794,0.71388889,0.70992063,0.71190476,0.71388889,0.71547619,0.70992063,0.70912698,0.71269841,0.71309524,0.71190476,0.71309524,0.71071429,0.71587302,0.71150794,0.71349206,0.71428571,0.71190476,0.71706349,0.71428571,0.71507937,0.71428571,0.71825397,0.72063492,0.71269841,0.71150794,0.71746032,0.71309524,0.70714286,0.71666667,0.71269841,0.71388889,0.71190476,0.71587302,0.71111111,0.71349206,0.71587302,0.71468254,0.71428571,0.71269841,0.71269841,0.71309524,0.71706349,0.70793651,0.71309524,0.71309524,0.71626984,0.71587302,0.70952381,0.71150794,0.71468254,0.71507937,0.71071429,0.71071429,0.71388889,0.71626984,0.71865079,0.71388889,0.71309524,0.71626984,0.71230159,0.71349206,0.71150794,0.71031746,0.71785714,0.70873016,0.70714286,0.71190476,0.71785714,0.71388889,0.71190476,0.70992063,0.71071429,0.71190476,0.71587302,0.71388889,0.71071429,0.71388889,0.70992063,0.71190476,0.70634921,0.71309524,0.71190476,0.71706349,0.70674603,0.71785714,0.70753968,0.70873016,0.71507937,0.71190476,0.71230159,0.71626984,0.71230159,0.71071429,0.71428571,0.71230159,0.70912698,0.71111111,0.71111111,0.70952381]
Balanced Accuracies
[0.73175197,0.73683429,0.73152021,0.73460111,0.73884358,0.73678619,0.72979269,0.73095643,0.73477465,0.7359268,0.73295369,0.7370874,0.73370095,0.73623251,0.73277227,0.73649013,0.73743886,0.73666296,0.73837719,0.73688798,0.73529993,0.73550951,0.74302637,0.74285782,0.73472108,0.73358507,0.73893304,0.73590355,0.72941881,0.74003748,0.73517383,0.73495948,0.73256782,0.73713435,0.73369433,0.73541471,0.73864729,0.73601725,0.74234431,0.73689378,0.73314707,0.73617519,0.73852559,0.72956416,0.73178481,0.73365894,0.74058238,0.73864332,0.7322206,0.735787,0.73884511,0.73644534,0.73118193,0.73317535,0.73222832,0.73695258,0.74206497,0.73396527,0.73156123,0.73712871,0.7345441,0.73576917,0.73108949,0.73145314,0.73993226,0.72842665,0.72911285,0.73219199,0.74204683,0.73483972,0.73166848,0.73032848,0.73529847,0.73323472,0.73587172,0.73562751,0.73165479,0.73832832,0.73525367,0.73384898,0.72664091,0.73559983,0.73143809,0.73673178,0.72828285,0.73896286,0.72941379,0.72874892,0.73502145,0.73640012,0.73464852,0.73886669,0.73402402,0.73194284,0.73789991,0.73396551,0.72907489,0.73500251,0.73362019,0.73422203]
AUCs
[0.8078102,0.80641735,0.80895268,0.80790118,0.80732616,0.80589629,0.80643403,0.80753061,0.80848927,0.81013454,0.80740892,0.80821669,0.80751362,0.80957492,0.80669942,0.8120202,0.80987199,0.80888521,0.80885595,0.80931868,0.80769806,0.80823902,0.81118343,0.8096835,0.81025867,0.81033997,0.81216019,0.80822221,0.81237714,0.8112526,0.80597673,0.80734528,0.8120707,0.807384,0.80853701,0.80973886,0.80883978,0.8057591,0.80739076,0.80961185,0.80667321,0.80676997,0.80758332,0.80933732,0.80807306,0.80780222,0.81030194,0.8092345,0.80803079,0.81182234,0.81183982,0.80723233,0.80704671,0.81079728,0.80757258,0.80836536,0.81052114,0.80800593,0.80672009,0.81089385,0.8059777,0.80903228,0.80717461,0.80974068,0.81086265,0.80689263,0.80933104,0.80944995,0.80603989,0.8044113,0.80811167,0.80777554,0.80765563,0.80962084,0.80888643,0.80994663,0.80606278,0.80802263,0.80984287,0.80929466,0.80533019,0.80989544,0.8048391,0.80882746,0.80582098,0.81198435,0.80969413,0.80910446,0.80885183,0.81039098,0.80944916,0.80887385,0.80858397,0.80886972,0.81068844,0.80985361,0.80832382,0.8094095,0.80871008,0.8094858,]
Sensitivites
[0.77736005,0.78801856,0.7810454,0.78401517,0.79529328,0.78552274,0.77515846,0.78127525,0.7851525,0.78741573,0.77987262,0.79135648,0.78466984,0.78339159,0.78042146,0.78857401,0.78727037,0.79135811,0.78516771,0.78692699,0.77933515,0.78303639,0.79815506,0.79342396,0.78459119,0.78287772,0.78784291,0.78766034,0.77698415,0.79314651,0.7870108,0.78254562,0.78012533,0.78470024,0.78402431,0.78390565,0.79062305,0.78402773,0.802214,0.79147839,0.78046297,0.78632889,0.78561281,0.77865568,0.77483008,0.78169658,0.79242562,0.78950484,0.7824335,0.78886152,0.79205392,0.78515524,0.7781319,0.78354994,0.7719678,0.78518818,0.79371252,0.77936099,0.77211134,0.7863186,0.78459362,0.78555043,0.7741355,0.77842926,0.7886506,0.77274277,0.77967054,0.77813519,0.79616845,0.78416448,0.77624955,0.77710642,0.79104577,0.78036781,0.78020006,0.78442266,0.77973358,0.79153174,0.79310213,0.7854421,0.77238361,0.78497449,0.77704912,0.78064601,0.77634393,0.78448142,0.77850338,0.77323886,0.78023867,0.78931367,0.78450722,0.78872082,0.78241839,0.77922911,0.78959939,0.77999377,0.77414692,0.78935263,0.78231617,0.78973671]
Specificities
[0.68614388,0.68565003,0.68199503,0.68518706,0.68239387,0.68804964,0.68442693,0.68063761,0.68439679,0.68443788,0.68603476,0.68281833,0.68273205,0.68907344,0.68512308,0.68440626,0.68760735,0.68196781,0.69158666,0.68684897,0.69126471,0.68798263,0.68789767,0.69229167,0.68485098,0.68429243,0.69002318,0.68414675,0.68185347,0.68692845,0.68333686,0.68737334,0.68501031,0.68956847,0.68336434,0.68692378,0.68667153,0.68800678,0.68247462,0.68230916,0.68583118,0.6860215,0.69143836,0.68047264,0.68873954,0.6856213,0.68873914,0.68778181,0.6820077,0.68271247,0.68563629,0.68773543,0.68423195,0.68280076,0.69248885,0.68871698,0.69041743,0.68856956,0.69101111,0.68793882,0.68449459,0.68598791,0.68804349,0.68447702,0.69121392,0.68411052,0.67855515,0.68624879,0.6879252,0.68551496,0.68708742,0.68355053,0.67955117,0.68610162,0.69154337,0.68683236,0.68357601,0.6851249,0.67740521,0.68225586,0.68089822,0.68622517,0.68582707,0.69281754,0.68022178,0.6934443,0.68032421,0.68425897,0.68980424,0.68348658,0.68478981,0.68901255,0.68562965,0.68465658,0.68620043,0.68793724,0.68400286,0.6806524,0.68492422,0.67870734]
Precisions
[0.48781163,0.49139473,0.48860524,0.48932657,0.49239279,0.49322338,0.48572235,0.48441487,0.49200312,0.4902245,0.48865516,0.49129257,0.48683393,0.49304048,0.48861151,0.49037674,0.49309313,0.49042814,0.49477732,0.49227691,0.49197476,0.49101375,0.49566055,0.49863023,0.48957868,0.48746443,0.49532917,0.49149108,0.48416345,0.49545229,0.48881074,0.49166175,0.48959057,0.49500604,0.48954654,0.49033285,0.49350821,0.49176618,0.4922152,0.48887915,0.48929585,0.49133544,0.49395818,0.48509874,0.49044052,0.48980972,0.49348662,0.49515722,0.48635759,0.4872928,0.49194995,0.49193745,0.48699894,0.48696335,0.49173908,0.49331754,0.49645502,0.49323694,0.49061961,0.49206888,0.490318,0.49067233,0.48749666,0.48925905,0.49617479,0.48461083,0.48355115,0.48873638,0.49562877,0.48936528,0.4890182,0.48607013,0.4873478,0.48926669,0.49522307,0.48951903,0.48697327,0.49106905,0.48581584,0.48824863,0.48261632,0.49068291,0.48768883,0.49543752,0.48318925,0.49539628,0.48521328,0.48806637,0.4927475,0.48974806,0.48926482,0.49287879,0.48985021,0.48882149,0.49273991,0.48960605,0.48622352,0.48855213,0.48895901,0.48685738]
F1s
[0.59848296,0.60433482,0.5989279,0.60101476,0.60706061,0.60466187,0.59581975,0.59698412,0.60428415,0.60325722,0.59945255,0.60506919,0.59953311,0.60445588,0.59922589,0.60323018,0.60440237,0.60442978,0.60578147,0.60316629,0.60162569,0.60242113,0.61055884,0.61167378,0.60227713,0.59943994,0.60755683,0.60463211,0.59433122,0.60922869,0.60104245,0.60290525,0.59995741,0.60541913,0.60107552,0.60172133,0.60703254,0.60264945,0.60741258,0.60352433,0.60049636,0.60304182,0.60438662,0.59654315,0.59938222,0.60192788,0.60573111,0.60706541,0.59830783,0.60029129,0.60579055,0.60448211,0.59851051,0.59940888,0.59855694,0.60558718,0.60946515,0.60271902,0.59867888,0.60478337,0.60233964,0.60233171,0.59732408,0.59863062,0.60778356,0.59446691,0.5964739,0.59958878,0.60960873,0.60109385,0.59891024,0.5963235,0.60218777,0.59993099,0.60449978,0.6019577,0.59856225,0.60437026,0.6016094,0.60173517,0.59291733,0.60284975,0.59717999,0.60422256,0.59477495,0.60473609,0.59659565,0.59639302,0.60299419,0.60298488,0.60145182,0.60509901,0.60076195,0.59916785,0.60538837,0.59964916,0.59609311,0.60300262,0.59925909,0.60140793]
Number of features used
[0.,0.,0.,0.,0.,0.,0.,0.,0.,0.,0.,0.,0.,0.,0.,0.,0.,0.,0.,0.,0.,0.,0.,0.,0.,0.,0.,0.,0.,0.,0.,0.,0.,0.,0.,0.,0.,0.,0.,0.,0.,0.,0.,0.,0.,0.,0.,0.,0.,0.,0.,0.,0.,0.,0.,0.,0.,0.,0.,0.,0.,0.,0.,0.,0.,0.,0.,0.,0.,0.,0.,0.,0.,0.,0.,0.,0.,0.,0.,0.,0.,0.,0.,0.,0.,0.,0.,0.,0.,0.,0.,0.,0.,0.,0.,0.,0.,0.,0.,0.]
Mean Feature importances Across Runs
[0.,0.,0.,0.,0.,0.,0.,0.,0.,0.,0.,0.,0.,0.,0.,0.,0.,0.,0.,0.,0.,0.,0.,0.,0.,0.,0.,0.,0.,0.,0.,0.,0.
,0.,0.,0.,0.,0.,0.,0.,0.,0.,0.,0.,0.,0.,0.,0.,0.,0.,0.,0.,0.,0.,0.,0.,0.,0.,0.,0.,0.,0.,0.,0.,0.,0.
,0.,0.,0.,0.,0.,0.,0.,0.,0.,0.,0.,0.,0.,0.,0.,0.,0.,0.,0.,0.,0.,0.,0.,0.,0.,0.,0.,0.,0.,0.,0.,0.,0.
,0.,0.,0.,0.,0.,0.,0.,0.,0.,0.,0.,0.,0.,0.,0.,0.,0.,0.,0.,0.,0.,0.,0.,0.,0.,0.,0.,0.,0.,0.,0.,0.,0.
,0.,0.,0.,0.,0.,0.,0.,0.,0.,0.,0.,0.,0.,0.,0.,0.,0.,0.,0.,0.,0.,0.,0.,0.,0.,0.,0.,0.,0.,0.,0.,0.,0.
,0.,0.,0.,0.,0.,0.,0.,0.,0.,0.,0.,0.,0.,0.,0.,0.,0.,0.,0.,0.,0.,0.,0.,0.,0.,0.,0.,0.,0.,0.,0.,0.,0.
,0.,0.,0.,0.,0.,0.,0.,0.,0.,0.,0.,0.,0.,0.,0.,0.,0.,0.,0.,0.,0.,0.,0.,0.,0.,0.,0.,0.,0.,0.,0.,0.,0.
,0.,0.,0.,0.,0.,0.,0.,0.,0.,0.,0.,0.,0.,0.,0.,0.,0.,0.,0.,0.,0.,0.,0.,0.,0.,0.,0.,0.,0.,0.,0.,0.,0.
,0.,0.,0.,0.,0.,0.,0.,0.,0.,0.,0.,0.,0.,0.,0.,0.,0.,0.,0.,0.,0.,0.,0.,0.,0.,0.,0.,0.,0.,0.,0.,0.,0.
,0.,0.,0.,0.,0.,0.,0.,0.,0.,0.,0.,0.,0.,0.,0.,0.,0.,0.,0.,0.,0.,0.,0.,0.,0.,0.,0.,0.,0.,0.,0.,0.,0.
,0.,0.,0.,0.,0.,0.,0.,0.,0.,0.,0.,0.,0.,0.,0.,0.,0.,0.,0.,0.,0.,0.,0.,0.,0.,0.,0.,0.,0.,0.,0.,0.,0.
,0.,0.,0.,0.,0.,0.,0.,0.,0.,0.,0.,0.,0.,0.,0.,0.,0.,0.,0.,0.,0.,0.,0.,0.,0.,0.,0.,0.,0.,0.,0.,0.,0.
,0.,0.,0.,0.,0.,0.,0.,0.,0.,0.,0.,0.,0.,0.,0.,0.,0.,0.,0.,0.,0.,0.,0.,0.,0.,0.,0.,0.,0.,0.,0.,0.,0.
,0.,0.,0.,0.,0.,0.,0.,0.,0.,0.,0.,0.,0.,0.,0.,0.,0.,0.,0.,0.,0.,0.,0.,0.,0.,0.,0.,0.,0.,0.,0.,0.,0.
,0.,0.,0.,0.,0.,0.,0.,0.,0.,0.,0.,0.,0.,0.,0.,0.,0.,0.]
Mean Feature importances std. deviation Across Runs
[0.,0.,0.,0.,0.,0.,0.,0.,0.,0.,0.,0.,0.,0.,0.,0.,0.,0.,0.,0.,0.,0.,0.,0.,0.,0.,0.,0.,0.,0.,0.,0.,0.
,0.,0.,0.,0.,0.,0.,0.,0.,0.,0.,0.,0.,0.,0.,0.,0.,0.,0.,0.,0.,0.,0.,0.,0.,0.,0.,0.,0.,0.,0.,0.,0.,0.
,0.,0.,0.,0.,0.,0.,0.,0.,0.,0.,0.,0.,0.,0.,0.,0.,0.,0.,0.,0.,0.,0.,0.,0.,0.,0.,0.,0.,0.,0.,0.,0.,0.
,0.,0.,0.,0.,0.,0.,0.,0.,0.,0.,0.,0.,0.,0.,0.,0.,0.,0.,0.,0.,0.,0.,0.,0.,0.,0.,0.,0.,0.,0.,0.,0.,0.
,0.,0.,0.,0.,0.,0.,0.,0.,0.,0.,0.,0.,0.,0.,0.,0.,0.,0.,0.,0.,0.,0.,0.,0.,0.,0.,0.,0.,0.,0.,0.,0.,0.
,0.,0.,0.,0.,0.,0.,0.,0.,0.,0.,0.,0.,0.,0.,0.,0.,0.,0.,0.,0.,0.,0.,0.,0.,0.,0.,0.,0.,0.,0.,0.,0.,0.
,0.,0.,0.,0.,0.,0.,0.,0.,0.,0.,0.,0.,0.,0.,0.,0.,0.,0.,0.,0.,0.,0.,0.,0.,0.,0.,0.,0.,0.,0.,0.,0.,0.
,0.,0.,0.,0.,0.,0.,0.,0.,0.,0.,0.,0.,0.,0.,0.,0.,0.,0.,0.,0.,0.,0.,0.,0.,0.,0.,0.,0.,0.,0.,0.,0.,0.
,0.,0.,0.,0.,0.,0.,0.,0.,0.,0.,0.,0.,0.,0.,0.,0.,0.,0.,0.,0.,0.,0.,0.,0.,0.,0.,0.,0.,0.,0.,0.,0.,0.
,0.,0.,0.,0.,0.,0.,0.,0.,0.,0.,0.,0.,0.,0.,0.,0.,0.,0.,0.,0.,0.,0.,0.,0.,0.,0.,0.,0.,0.,0.,0.,0.,0.
,0.,0.,0.,0.,0.,0.,0.,0.,0.,0.,0.,0.,0.,0.,0.,0.,0.,0.,0.,0.,0.,0.,0.,0.,0.,0.,0.,0.,0.,0.,0.,0.,0.
,0.,0.,0.,0.,0.,0.,0.,0.,0.,0.,0.,0.,0.,0.,0.,0.,0.,0.,0.,0.,0.,0.,0.,0.,0.,0.,0.,0.,0.,0.,0.,0.,0.
,0.,0.,0.,0.,0.,0.,0.,0.,0.,0.,0.,0.,0.,0.,0.,0.,0.,0.,0.,0.,0.,0.,0.,0.,0.,0.,0.,0.,0.,0.,0.,0.,0.
,0.,0.,0.,0.,0.,0.,0.,0.,0.,0.,0.,0.,0.,0.,0.,0.,0.,0.,0.,0.,0.,0.,0.,0.,0.,0.,0.,0.,0.,0.,0.,0.,0.
,0.,0.,0.,0.,0.,0.,0.,0.,0.,0.,0.,0.,0.,0.,0.,0.,0.,0.]
