MODEL RESULTS for run at: cv_l2logreg_100_X_full_trd_y_all_trd_all_20201001-1329.txt

Model Parameters:-----------------------------------
Evaluation: cv
Model: l2logreg
Feature selection: all
X is: C:\Users\jjnun\Documents\Sync\Research\1_CANBIND_Replication\teyden-git\data\final_datasets\to_run_20200311\1_Replication\X_lvl2_rem_qids01__final.csv
y is: C:\Users\jjnun\Documents\Sync\Research\1_CANBIND_Replication\teyden-git\data\final_datasets\to_run_20200311\1_Replication\y_lvl2_rem_qids01__final.csv
100 runs of 10-fold CV

Summary of Results:------------------------------------
Mean accuracy is: 0.7029, with Standard Deviation: 0.003726
Mean balanced accuracy is: 0.7120, with Standard Deviation: 0.004503
Mean AUC is: 0.7832, with Standard Deviation: 0.003113
Mean sensitivty is: 0.7323, with Standard Deviation: 0.008213
Mean specificty is: 0.6917, with Standard Deviation: 0.004230
Mean precision is: 0.4779, with Standard Deviation: 0.004393
Mean f1 is: 0.5769, with Standard Deviation: 0.0051
Mean true positive is: 0.2037, with Standard Deviation: 0.002259
Mean false positive is: 0.2226, with Standard Deviation: 0.003051
Mean true negative is: 0.4992, with Standard Deviation: 0.003051
Mean false negative is: 0.0745, with Standard Deviation: 0.002259
Mean number of features used is: 472.3024 of 480, with Standard Deviation: 0.0397

Feature Importance And Use:---------------------------
Top 30 Features by importance, in descending order (1st most important):
By position in data matrix, 1 added to skip index=0 
[ 22 221 368  43 448  25 417 202 373 160 190  16 114 164 158 468 240  74
 155 165 173 192 126 421 215 218 239 256 184  13]
ccv01_w2__effct
pdsq01__frbus
qids01_w2c__vmdsd
dm01_enroll__resid||4.0
ucq01__ucq060
ccv01_w2__stmed
sfhs01__sfhs03
pdsq01__anwor
qids01_w2c__vcntr
pdsq01__cd2y
pdsq01__obvlt
crs01__liverd
idsc01__iapin
pdsq01__trwit
pdsq01__slp2y
imput_anyanxiety
pdsq01__emanx
dm01_w0__inc_curr
pdsq01__spf2w
pdsq01__tetht
pdsq01__tedst
pdsq01__obint
idsc01__iagit
sfhs01__sfhs07
pdsq01__imvcs
pdsq01__frcwd
pdsq01__empty
pdsq01__wysdt
pdsq01__ebups
crs01__neuro

Statistical Significance:----------------------------
Raw results:----------------------------------------
Accuracies
[0.70277778,0.70714286,0.70753968,0.70396825,0.69801587,0.70595238,0.70277778,0.70039683,0.70634921,0.70198413,0.70277778,0.70039683,0.6984127,0.70912698,0.7015873,0.7031746,0.70277778,0.7,0.69960317,0.69722222,0.70198413,0.69920635,0.70396825,0.71031746,0.6968254,0.70357143,0.70039683,0.70277778,0.70357143,0.71071429,0.7031746,0.69960317,0.70753968,0.7031746,0.70396825,0.70912698,0.70833333,0.7015873,0.70595238,0.70039683,0.69642857,0.69801587,0.70198413,0.70396825,0.70119048,0.69880952,0.6968254,0.70277778,0.70079365,0.70714286,0.71071429,0.70357143,0.70357143,0.69722222,0.70277778,0.71031746,0.69801587,0.70634921,0.70714286,0.70238095,0.7,0.70436508,0.69563492,0.70039683,0.69920635,0.70277778,0.70357143,0.70595238,0.70634921,0.70873016,0.70436508,0.69603175,0.6984127,0.7031746,0.70357143,0.70079365,0.69761905,0.70555556,0.70357143,0.70793651,0.70357143,0.70238095,0.7,0.7015873,0.70357143,0.7047619,0.70396825,0.70595238,0.7015873,0.69960317,0.69801587,0.70198413,0.71190476,0.6984127,0.69960317,0.70277778,0.70515873,0.70674603,0.71071429,0.70436508]
Balanced Accuracies
[0.71072159,0.71829266,0.71716383,0.71186408,0.70552028,0.71486238,0.71128805,0.71780545,0.71404608,0.71002717,0.71198996,0.70810708,0.7030157,0.71832167,0.71094911,0.71365615,0.7116162,0.70692635,0.71051432,0.70849111,0.71004923,0.70731328,0.70743293,0.71802382,0.70470261,0.71302755,0.70739476,0.71423633,0.71095936,0.72080548,0.71303862,0.7072773,0.71751318,0.70924516,0.71182417,0.72081105,0.72096983,0.71290454,0.71379106,0.70786985,0.70300619,0.70834394,0.71103804,0.71665534,0.70902394,0.71317366,0.70676512,0.71155819,0.70764794,0.71736685,0.71848914,0.71226595,0.71281498,0.70742142,0.71266783,0.72277158,0.70700394,0.71362304,0.71624674,0.71181044,0.71284343,0.71306376,0.70301297,0.70816236,0.71045226,0.71162673,0.71253662,0.7159849,0.7171699,0.71421952,0.71316238,0.70353805,0.70145089,0.71570833,0.70958484,0.71109266,0.70864835,0.71402259,0.71403064,0.71582182,0.715984,0.71272,0.70643338,0.71386514,0.7144259,0.71198855,0.70939396,0.71352042,0.70849095,0.70606537,0.70730795,0.71280013,0.72233406,0.71164449,0.70613812,0.71008192,0.71821436,0.71722013,0.71850448,0.71260683]
AUCs
[0.78681404,0.78480843,0.78510503,0.78673476,0.77847351,0.78086173,0.77783583,0.78592359,0.78422082,0.78219902,0.77953511,0.78189844,0.78489507,0.78896511,0.78362376,0.78298697,0.77829626,0.78159098,0.78379371,0.77899618,0.78125524,0.78245276,0.78260639,0.78484446,0.77872897,0.78249998,0.78073354,0.78739984,0.78172893,0.7881194,0.78503198,0.77826706,0.78516892,0.78312202,0.78281233,0.78576109,0.78840768,0.78200599,0.78537291,0.78038219,0.78242874,0.78450774,0.78472751,0.7835962,0.78662425,0.78080885,0.78580326,0.78355491,0.77895667,0.78577876,0.78454633,0.78843191,0.78319997,0.7848735,0.7826826,0.78845705,0.7796454,0.78030105,0.7844035,0.78004641,0.78266352,0.77701747,0.77545516,0.77755761,0.78235108,0.78288659,0.78557035,0.78750528,0.78500715,0.77929135,0.78059794,0.78132709,0.7776075,0.78496552,0.77996427,0.78429465,0.78471409,0.77740662,0.77941458,0.78813923,0.7837795,0.78491319,0.78518597,0.78384212,0.78513757,0.7809673,0.78397112,0.78266231,0.78670643,0.77854129,0.78544015,0.78329768,0.78931939,0.78488375,0.78527847,0.78195968,0.78613467,0.78254736,0.79062996,0.7836067,]
Sensitivites
[0.72509759,0.74119684,0.73855377,0.73125663,0.72138754,0.73601499,0.7296517,0.75218609,0.73100315,0.72845509,0.73279246,0.72467082,0.71512353,0.73926486,0.72996291,0.73792277,0.73087216,0.72246425,0.73404605,0.73231217,0.7289125,0.7272976,0.7161279,0.73588751,0.72401082,0.73510486,0.72246066,0.73882228,0.73047458,0.74374622,0.73374038,0.72490829,0.74054035,0.72306906,0.72952411,0.74817332,0.75008067,0.73809822,0.73348151,0.72489044,0.71801389,0.73027189,0.73080205,0.74316862,0.72692334,0.74516903,0.729983,0.73056053,0.72439456,0.74085581,0.73642061,0.73165809,0.73386353,0.72924514,0.7347182,0.74797295,0.72797748,0.72923573,0.73659942,0.7323549,0.74023435,0.73338214,0.72171028,0.72653571,0.73491399,0.73211318,0.73108371,0.7387471,0.74322904,0.72798058,0.73270533,0.72022419,0.70707677,0.74637362,0.72137979,0.73106622,0.73107538,0.73233886,0.73717114,0.73458386,0.74509386,0.73699772,0.72055111,0.73901344,0.7390197,0.72958049,0.72213058,0.73157776,0.72495824,0.72288208,0.72703567,0.73808376,0.74543263,0.73897735,0.72138921,0.72574396,0.74681314,0.74179438,0.73581181,0.73191179]
Specificities
[0.69634558,0.69538848,0.69577388,0.69247154,0.68965302,0.69370978,0.6929244,0.68342481,0.69708901,0.69159925,0.69118745,0.69154333,0.69090787,0.69737848,0.69193532,0.68938953,0.69236025,0.69138845,0.6869826,0.68467006,0.69118596,0.68732895,0.69873797,0.70016012,0.6853944,0.69095024,0.69232885,0.68965038,0.69144415,0.69786474,0.69233686,0.68964631,0.69448601,0.69542126,0.69412422,0.69344877,0.69185898,0.68771086,0.69410062,0.69084926,0.68799848,0.68641599,0.69127402,0.69014206,0.69112455,0.68117828,0.68354724,0.69255585,0.69090132,0.69387789,0.70055768,0.69287382,0.69176642,0.6855977,0.69061745,0.6975702,0.68603041,0.69801036,0.69589405,0.69126598,0.6854525,0.69274537,0.68431566,0.68978901,0.68599053,0.69114029,0.69398953,0.69322269,0.69111076,0.70045847,0.69361943,0.68685191,0.69582501,0.68504304,0.69778989,0.69111909,0.68622131,0.69570632,0.69089015,0.69705978,0.68687414,0.68844229,0.69231565,0.68871684,0.6898321,0.69439661,0.69665733,0.69546307,0.69202366,0.68924866,0.68758023,0.6875165,0.6992355,0.68431163,0.69088703,0.69441987,0.68961557,0.69264589,0.70119715,0.69330187]
Precisions
[0.47781113,0.48422823,0.48353894,0.47813023,0.47166835,0.48030703,0.47820218,0.47526919,0.48190207,0.47819243,0.47764096,0.47546353,0.47091576,0.48390445,0.47760169,0.47956103,0.47796631,0.47354567,0.47363161,0.47071917,0.47618205,0.47281265,0.47648722,0.48595676,0.47195598,0.47781541,0.47514264,0.47784457,0.47692965,0.48638456,0.47835305,0.47336313,0.48296665,0.47883752,0.48073067,0.48546653,0.48438148,0.47721329,0.4808106,0.47658888,0.4688919,0.47175927,0.47652034,0.47974333,0.47508828,0.47442365,0.47113208,0.47895506,0.4746777,0.48282157,0.48735248,0.47959224,0.47942899,0.47140834,0.47762626,0.48804594,0.47157632,0.48260278,0.48158526,0.47795801,0.47633661,0.47904358,0.46854067,0.47328831,0.47315152,0.47955086,0.47915809,0.48087916,0.4804769,0.48155195,0.47965106,0.46956841,0.47338962,0.47650731,0.47905326,0.47771521,0.47334569,0.48158979,0.47822323,0.48392062,0.4773803,0.47669202,0.47409477,0.47757885,0.47966737,0.4786714,0.47855243,0.48004697,0.47604928,0.47207394,0.47326353,0.47710544,0.49045566,0.47507071,0.47435547,0.47852047,0.48108259,0.48123395,0.48608513,0.47975374]
F1s
[0.57356931,0.5832968,0.58344319,0.57766138,0.56916399,0.57746851,0.57685168,0.5786457,0.57898009,0.57623936,0.57763624,0.57274884,0.5669257,0.5833065,0.57487925,0.58017454,0.57605087,0.57079387,0.57453813,0.57146309,0.57517555,0.57199935,0.5712823,0.5847525,0.5701047,0.57847259,0.57230772,0.57889178,0.57610333,0.58712739,0.57733407,0.57133763,0.58393513,0.57500247,0.57827773,0.58816729,0.58820684,0.57834476,0.58004845,0.57389935,0.56518627,0.57175916,0.57587034,0.58058204,0.5736956,0.57848202,0.5718364,0.57733023,0.57219987,0.58360363,0.5862086,0.57829148,0.57883969,0.57074088,0.57809779,0.58792245,0.57104595,0.57945151,0.58055653,0.57665692,0.57802185,0.57855605,0.56731702,0.57168619,0.57388523,0.57812637,0.57629207,0.58147984,0.58257824,0.5782827,0.5781463,0.56699758,0.56508156,0.58118016,0.57377519,0.57507009,0.57225577,0.57918027,0.57896641,0.58208887,0.58141827,0.57790935,0.57093622,0.57832921,0.58009529,0.57684841,0.57406573,0.57906345,0.57283793,0.56984219,0.57169285,0.57809782,0.58817174,0.57609696,0.57095667,0.5755782,0.58418011,0.58209255,0.58351783,0.57698783]
Number of features used
[472.31,472.30333333,472.28333333,472.35333333,472.36666667,472.35,472.27333333,472.31333333,472.32333333,472.32666667,472.23,472.3,472.24666667,472.28,472.28666667,472.32666667,472.33333333,472.39,472.36333333,472.25666667,472.33333333,472.28666667,472.38,472.26333333,472.31,472.33,472.26,472.34333333,472.30666667,472.24666667,472.32666667,472.29666667,472.32333333,472.35666667,472.32333333,472.22333333,472.32333333,472.28666667,472.28,472.31,472.3,472.29666667,472.25333333,472.29666667,472.27,472.32333333,472.29,472.27666667,472.32666667,472.27,472.39333333,472.24666667,472.37333333,472.29,472.29,472.26333333,472.25333333,472.29666667,472.32666667,472.29333333,472.28666667,472.35666667,472.29333333,472.27333333,472.3,472.30666667,472.30333333,472.28333333,472.26333333,472.33333333,472.30333333,472.37,472.28333333,472.25666667,472.33666667,472.28333333,472.32666667,472.36,472.23,472.22333333,472.23333333,472.27333333,472.32666667,472.32,472.24666667,472.33666667,472.25666667,472.29333333,472.34333333,472.28666667,472.28666667,472.25666667,472.31,472.35666667,472.35,472.25,472.3,472.26333333,472.32666667,472.39,]
Mean Feature importances Across Runs
[-1.4678e-01,1.3368e-01,1.0503e-03,1.1934e-01,1.3464e-01,-6.4031e-02,3.7475e-02,8.5581e-02
,-7.9150e-02,-1.4524e-01,5.9279e-02,-6.1150e-02,1.6371e-01,3.8277e-02,-3.4258e-02,2.1036e-01
,-1.7792e-01,-4.2200e-03,-3.9667e-02,-3.0251e-01,-1.0825e-01,4.0214e-01,-2.2916e-02,-1.3286e-02
,2.7088e-01,-1.5408e-01,1.4156e-01,-5.8880e-04,0.0000e+00,-1.5040e-03,-5.1952e-02,-9.3224e-03
,3.1803e-02,-8.5833e-03,-5.1922e-02,-5.7716e-02,-2.1841e-02,1.2877e-01,1.8829e-02,-1.6554e-01
,-5.5010e-02,1.9507e-02,2.7735e-01,-4.8840e-02,-1.8898e-02,0.0000e+00,-2.1664e-02,-5.0814e-02
,1.4080e-02,-6.9540e-02,-6.0632e-03,-1.1322e-02,-4.0445e-02,7.3632e-02,-7.9601e-02,5.0697e-02
,-1.8188e-01,-1.1761e-01,-4.3895e-01,-1.9114e-01,-9.8186e-02,-2.0871e-01,5.7606e-02,-2.3805e-02
,-3.3046e-02,-2.1844e-02,6.3550e-03,8.2079e-02,-6.9811e-02,-4.5768e-03,4.7661e-02,2.7094e-02
,-9.1062e-04,1.9182e-01,3.4477e-07,5.1496e-02,-5.2984e-05,1.2081e-02,-2.4038e-04,-1.3272e-01
,4.5080e-05,-1.7158e-05,1.3740e-02,-4.1321e-02,4.3890e-02,-7.9739e-02,-4.2614e-02,-6.6932e-02
,1.5705e-02,-1.5412e-02,-1.7361e-02,-7.4455e-02,1.7702e-03,1.2546e-01,1.1683e-01,1.2763e-01
,7.9397e-03,-7.6729e-02,-3.1037e-02,-1.4587e-03,1.0372e-01,-1.8433e-01,2.9479e-04,2.6182e-02
,5.7475e-02,7.3614e-02,-4.7720e-02,-1.6724e-02,6.9309e-02,3.8489e-02,-1.8684e-02,-2.4536e-02
,-1.1573e-01,2.0435e-01,3.9297e-02,2.7723e-02,-2.2559e-01,5.5131e-02,-8.7108e-02,1.6470e-02
,-4.4508e-02,1.1554e-01,-4.2735e-04,-1.3238e-03,2.2344e-02,1.8207e-01,1.2694e-03,8.4532e-02
,-1.6550e-02,-6.7087e-02,-3.6316e-03,8.1118e-02,8.6385e-04,3.6533e-02,1.0376e-01,-9.4730e-02
,4.3341e-02,-4.5381e-02,-1.3146e-01,3.7143e-02,-2.4828e-01,6.4632e-02,-1.7250e-01,1.2043e-03
,-1.1328e-01,9.2277e-02,-1.3901e-01,-4.7476e-02,-1.3260e-01,-1.2499e-01,-1.1585e-01,-7.1556e-02
,1.4339e-02,-5.9123e-02,1.8787e-01,-6.3999e-02,3.9912e-02,1.9775e-01,5.1283e-05,2.2527e-01
,6.1193e-02,7.6193e-02,1.0181e-01,2.0075e-01,1.8573e-01,1.6090e-01,-1.6972e-01,-1.8444e-01
,-1.2322e-01,7.1181e-02,-7.8773e-02,-6.9933e-02,1.8522e-01,4.1055e-02,-1.9799e-01,-1.9545e-02
,1.0546e-01,3.2833e-02,-1.8923e-02,-1.1763e-01,-2.1732e-01,-1.1615e-01,-3.7097e-02,1.6471e-01
,-4.1716e-03,2.9362e-02,-8.6763e-02,-5.2703e-02,3.4205e-02,2.1873e-01,3.6403e-02,1.8510e-01
,-1.0640e-01,5.4743e-02,-5.5678e-02,-2.0298e-01,1.3612e-03,1.4098e-01,-1.3008e-01,-9.3701e-03
,8.5275e-02,2.3128e-01,-1.1444e-01,1.1324e-01,-9.8819e-02,-6.1916e-02,-6.1871e-02,5.7634e-02
,-1.6078e-02,-2.4005e-02,5.7202e-02,-3.4763e-03,5.4293e-02,-4.4318e-02,1.7623e-01,3.0113e-02
,3.9531e-02,1.6990e-01,-6.4230e-02,1.5417e-01,3.3421e-01,1.3669e-01,-8.8047e-02,-5.1088e-02
,-2.1261e-02,-1.7654e-01,-2.1309e-02,6.2235e-02,-1.6927e-01,1.1518e-02,1.6026e-02,-7.0301e-02
,1.1056e-01,4.4190e-02,2.5784e-02,-5.5289e-02,-5.0408e-02,2.9363e-02,1.6828e-01,1.9376e-01
,-1.4880e-01,-1.5756e-01,-4.2672e-02,4.2366e-03,2.6605e-02,6.8142e-04,-8.3998e-02,-5.7964e-02
,-1.3586e-02,-9.1177e-02,-1.6933e-01,-9.9023e-02,-2.1712e-02,1.3358e-01,-2.4150e-01,1.6493e-01
,-6.4239e-02,-1.3153e-01,-6.8638e-02,-4.2558e-03,3.8034e-02,-1.2412e-01,9.3412e-02,1.3846e-01
,1.1894e-01,-1.5287e-03,-1.0608e-02,-1.6583e-01,1.1978e-01,9.9903e-02,-1.0082e-01,-9.8309e-02
,7.8970e-02,-1.2239e-02,-7.4547e-03,1.8855e-05,1.3056e-02,-1.3745e-02,-7.4953e-02,-4.3185e-02
,6.3793e-02,-3.7312e-02,1.5654e-01,3.9712e-02,3.3652e-02,-3.6403e-02,-1.3341e-01,6.0264e-02
,3.7151e-02,4.3711e-02,-2.2929e-02,0.0000e+00,-2.7814e-03,9.5984e-02,-4.1313e-03,1.5570e-01
,-1.4857e-01,-2.9081e-01,1.1013e-01,1.0965e-01,-7.3780e-02,3.3508e-03,7.2610e-02,-2.8492e-02
,-1.0666e-01,7.7506e-03,9.0236e-02,3.1910e-02,2.0549e-02,-3.6368e-02,2.2175e-02,1.1791e-02
,-7.9154e-03,1.4147e-02,-2.2334e-01,-2.8966e-03,0.0000e+00,0.0000e+00,0.0000e+00,-7.7350e-02
,-2.1134e-02,-1.0628e-02,-5.0315e-02,-2.7862e-02,-3.7225e-02,6.0790e-03,4.3317e-02,1.9799e-02
,1.2702e-03,1.2195e-01,-2.7857e-03,6.2089e-02,7.0624e-02,6.0690e-02,1.1284e-01,-6.3780e-02
,1.5188e-01,-1.0173e-01,1.2145e-01,9.3415e-02,1.7263e-02,-2.8821e-02,-1.1232e-02,-1.3963e-01
,1.3430e-01,-6.1097e-02,-1.1691e-01,6.3809e-02,-3.4549e-02,-1.8665e-02,-8.7694e-02,-8.8662e-02
,-8.2278e-02,4.6353e-03,1.0717e-01,7.2726e-02,-8.0161e-02,1.5970e-02,5.0976e-02,1.2555e-01
,-6.5417e-02,-1.7056e-03,-9.1227e-03,8.5842e-02,5.5523e-02,3.9766e-02,-3.8859e-02,3.1597e-01
,-4.3298e-02,-5.7013e-02,-7.7465e-02,-8.4971e-02,2.2984e-01,-1.4631e-01,-1.4164e-01,-4.9281e-02
,9.3141e-02,-4.9859e-02,8.7511e-02,9.4740e-02,-2.1771e-02,1.4991e-01,-4.1037e-02,-5.5991e-02
,3.2934e-02,3.6053e-02,2.6036e-02,2.4089e-02,-6.9904e-04,-1.2419e-01,1.0961e-01,1.5733e-03
,-5.6661e-02,6.5185e-02,1.7816e-02,9.3191e-02,1.5693e-02,1.2170e-01,2.0382e-02,1.1108e-02
,-1.1549e-02,7.3214e-02,-1.8719e-01,-1.0146e-02,-1.3995e-01,1.1689e-01,-4.2255e-02,1.6559e-02
,-3.2485e-02,5.4486e-02,3.9780e-02,-1.3911e-01,1.5595e-01,-1.2156e-02,-7.5924e-02,3.0624e-03
,2.3324e-01,-6.2611e-03,-1.6283e-01,-1.6593e-01,1.8135e-01,-1.1339e-01,5.6413e-02,-1.0446e-01
,-4.7170e-02,2.6028e-02,-2.3640e-02,-2.5383e-02,2.4175e-03,-1.5296e-02,1.2190e-01,3.0419e-02
,-6.1950e-02,-1.8530e-02,2.1249e-02,-1.3613e-01,5.8490e-02,8.8569e-02,-5.5338e-02,3.0147e-02
,5.4466e-02,-3.3996e-02,-8.1029e-03,1.5148e-02,-3.3905e-02,2.1608e-02,-3.8103e-02,2.7696e-01
,-1.7278e-02,-1.1221e-03,-3.7958e-02,-8.2634e-04,-8.6750e-03,-5.8689e-03,-6.3770e-04,-1.3219e-03
,1.5011e-02,-1.3531e-03,4.2431e-03,-6.3770e-03,1.1848e-03,-1.9758e-02,-6.2874e-02,1.1293e-01
,4.9313e-02,-6.3829e-02,1.5778e-02,1.9398e-01,4.1896e-03,-7.2539e-02,1.2965e-01,-3.4174e-03
,-2.1111e-02,1.3996e-02,8.9023e-03,1.6310e-02,-2.5577e-02,1.6366e-01,-1.7564e-02,3.3319e-02]
Mean Feature importances std. deviation Across Runs
[3.5849e-03,3.5346e-03,4.0135e-05,6.2886e-03,5.1847e-03,5.4399e-03,3.7040e-03,5.8017e-03,5.6203e-03
,6.5999e-03,6.5516e-03,4.7809e-03,4.9811e-03,5.5482e-03,5.3924e-03,6.1833e-03,4.4416e-03,7.6223e-04
,3.5044e-03,3.0761e-03,5.2245e-03,5.3323e-03,1.1575e-03,4.9060e-03,5.9720e-03,4.0122e-03,3.9702e-03
,8.3408e-05,0.0000e+00,4.7548e-05,5.5956e-03,2.2733e-03,3.2331e-03,2.1030e-03,1.3695e-03,5.1847e-03
,5.7985e-03,5.8927e-03,2.2173e-03,5.3582e-03,4.1023e-03,6.0007e-03,4.7244e-03,3.2700e-03,1.0969e-03
,0.0000e+00,2.6109e-03,5.3393e-03,5.5516e-03,5.7213e-03,4.7980e-03,4.7217e-03,5.2499e-03,4.6050e-03
,5.3695e-03,4.1807e-03,5.9623e-03,5.7727e-03,5.4925e-03,6.1143e-03,5.2856e-03,5.4121e-03,3.8621e-03
,2.0585e-03,3.5689e-03,4.7244e-03,4.5899e-03,5.5160e-03,5.0822e-03,5.4673e-03,4.7693e-03,4.0451e-03
,4.1325e-03,6.5897e-03,3.7944e-06,5.1955e-03,1.1051e-05,2.9252e-03,1.9349e-05,4.3828e-03,8.5786e-06
,2.8460e-06,4.0677e-03,4.2402e-03,4.4061e-03,4.1870e-03,3.9333e-03,5.3833e-03,3.9863e-03,5.0887e-03
,3.3670e-03,3.5843e-03,3.4161e-03,2.8046e-03,4.1130e-03,4.5522e-03,3.8059e-03,3.0017e-03,3.0932e-03
,2.7779e-03,3.7772e-03,4.3472e-03,3.8547e-03,5.2734e-03,5.3169e-03,4.1154e-03,4.9326e-03,4.5553e-03
,4.2832e-03,3.4696e-03,5.9320e-03,3.1884e-03,5.1766e-03,5.0231e-03,4.7371e-03,4.7042e-03,4.8604e-03
,3.6851e-03,3.9322e-03,5.4895e-03,4.3576e-03,4.1905e-03,4.7940e-03,3.8159e-03,5.4139e-03,6.0107e-03
,4.4925e-03,5.1089e-03,4.5549e-03,3.4042e-03,4.6760e-03,4.8803e-03,4.7958e-03,5.1478e-03,6.8566e-03
,5.8339e-03,6.2951e-03,4.8108e-03,6.3342e-03,6.0424e-03,5.7061e-03,5.4565e-03,6.2932e-03,5.1942e-03
,6.8538e-03,5.7799e-03,6.5912e-03,5.0251e-03,5.9638e-03,5.3973e-03,6.2941e-03,6.0611e-03,5.5526e-03
,4.9589e-03,6.0143e-03,5.9366e-03,6.0944e-03,6.2538e-03,5.8188e-03,5.7019e-03,5.8194e-03,6.3191e-03
,6.5408e-03,6.3277e-03,5.5972e-03,5.3085e-03,5.8463e-03,5.9918e-03,6.7000e-03,5.2417e-03,6.0662e-03
,5.3527e-03,5.9280e-03,5.8823e-03,5.4309e-03,5.7678e-03,6.2779e-03,5.3787e-03,5.9412e-03,5.8582e-03
,6.0232e-03,5.2070e-03,5.0293e-03,5.2704e-03,6.4363e-03,4.5129e-03,6.3742e-03,5.7747e-03,5.6329e-03
,6.3896e-03,5.1891e-03,5.6420e-03,5.9248e-03,5.5255e-03,6.2706e-03,6.4630e-03,5.4494e-03,6.0709e-03
,5.9450e-03,5.3758e-03,5.7138e-03,6.0223e-03,7.2153e-03,5.7827e-03,4.9319e-03,4.8247e-03,5.9574e-03
,6.2930e-03,5.6191e-03,6.6096e-03,6.6099e-03,5.2134e-03,3.7965e-03,3.8798e-03,5.3838e-03,5.8773e-03
,5.4710e-03,5.2784e-03,5.6214e-03,5.5544e-03,6.0066e-03,6.4798e-03,7.3274e-03,5.4120e-03,6.1522e-03
,5.1630e-03,5.7472e-03,5.2549e-03,6.7103e-03,5.5732e-03,6.6093e-03,6.3054e-03,6.6353e-03,5.6878e-03
,6.6781e-03,6.1787e-03,6.5942e-03,6.2099e-03,6.0211e-03,5.3437e-03,5.3155e-03,5.6551e-03,4.8670e-03
,4.2604e-03,5.0051e-03,5.2514e-03,4.8891e-03,3.9363e-03,4.1743e-03,4.1443e-03,4.6070e-03,3.8846e-03
,4.3578e-03,6.2177e-03,6.4535e-03,6.7246e-03,5.3869e-03,5.7035e-03,6.3464e-03,5.4158e-03,5.5582e-03
,5.6807e-03,5.1274e-03,6.1333e-03,6.5268e-03,6.9071e-03,5.1936e-03,5.7224e-03,5.9583e-03,5.6734e-03
,5.7179e-03,6.4736e-03,5.9076e-03,3.7438e-04,5.9177e-04,3.0547e-06,5.3636e-03,4.0800e-03,4.5574e-03
,2.4062e-03,4.4687e-03,2.4269e-03,4.9283e-03,4.9884e-03,2.9072e-03,5.0424e-03,4.8925e-03,5.0669e-03
,2.0999e-03,1.9764e-03,1.9374e-03,0.0000e+00,1.6182e-03,1.4894e-03,5.2304e-03,5.4060e-03,5.6148e-03
,6.2803e-03,5.7029e-03,4.4649e-03,4.7775e-03,3.0555e-03,4.4134e-03,4.6672e-03,6.0295e-03,4.6351e-03
,4.9582e-03,5.4213e-03,5.3240e-03,5.1657e-03,4.5800e-03,3.1403e-03,2.5939e-03,1.2027e-03,5.6160e-03
,2.9737e-04,0.0000e+00,0.0000e+00,0.0000e+00,5.5600e-03,4.5842e-03,1.6919e-03,2.1627e-03,3.5892e-03
,2.0504e-03,1.3832e-03,1.0013e-03,1.9966e-03,2.3729e-03,4.9599e-03,5.0048e-03,4.6036e-03,6.2000e-03
,5.1204e-03,5.4933e-03,5.5994e-03,5.0728e-03,5.2896e-03,5.2337e-03,4.3800e-03,4.6501e-03,4.4658e-03
,5.5393e-03,5.6131e-03,5.9255e-03,2.8008e-03,4.5803e-03,4.6569e-03,4.4694e-03,5.3524e-03,5.4475e-03
,5.5114e-03,5.2041e-03,5.2675e-03,5.6010e-03,5.1823e-03,4.7848e-03,5.4207e-03,4.1510e-03,5.5328e-03
,5.2404e-03,5.3560e-03,2.1422e-03,4.5777e-03,4.9038e-03,4.9878e-03,6.0560e-03,5.5447e-03,5.4533e-03
,5.1938e-03,5.6211e-03,5.9376e-03,4.8099e-03,4.1680e-03,5.1844e-03,4.9469e-03,5.2687e-03,6.1335e-03
,5.3897e-03,2.6659e-03,5.0556e-03,4.8678e-03,4.6629e-03,5.6275e-03,6.0866e-03,5.1778e-03,5.4877e-03
,5.1420e-03,6.1441e-03,6.4741e-03,4.6021e-03,5.9315e-03,4.3511e-03,5.7941e-03,5.7582e-03,5.8126e-03
,1.8698e-03,4.7200e-03,5.3307e-03,3.8512e-03,5.1065e-03,4.2951e-03,4.5841e-03,4.5748e-03,4.7623e-03
,4.5917e-03,3.5274e-03,4.1967e-03,4.3218e-03,4.5692e-03,5.1404e-03,4.2377e-03,4.9792e-03,7.2165e-04
,4.3943e-03,5.4885e-03,5.5460e-03,5.4697e-03,5.2673e-03,3.8466e-03,5.0006e-03,4.5686e-03,4.4168e-03
,4.3923e-03,4.0863e-03,3.8889e-03,6.4429e-04,7.1377e-04,3.9525e-03,4.6220e-03,4.0475e-03,6.0517e-03
,5.5990e-03,1.7218e-03,6.4464e-03,5.8450e-03,4.5355e-03,5.9418e-03,4.7701e-03,2.8312e-03,4.4488e-03
,1.8913e-03,3.8182e-03,2.8554e-03,3.1973e-03,5.1557e-03,3.2959e-03,5.8096e-03,1.8678e-03,1.2292e-04
,1.5170e-03,8.6151e-04,1.5547e-03,6.0932e-04,2.1929e-05,1.5912e-03,7.2996e-04,2.1947e-04,5.1540e-04
,2.1929e-04,6.9863e-04,2.2249e-03,2.5200e-03,2.3239e-03,2.0892e-03,2.0939e-03,6.1478e-04,5.9369e-03
,1.4400e-03,2.8628e-03,2.4687e-03,2.3834e-03,2.4958e-03,2.8996e-03,2.2444e-03,3.4987e-03,3.2417e-03
,2.9423e-03,2.4453e-03,1.3744e-03]
