MODEL RESULTS for run at: extval_rem_xgbt_100_X_ovlap_resp_y_wk8_rem_qids_sr_all_20200813-1935.txt

Model Parameters:-----------------------------------
Evaluation: extval_rem
Model: xgbt
Feature selection: all
X is: C:\Users\jjnun\Documents\Sync\Research\1_CANBIND_Replication\teyden-git\data\final_datasets\to_run_20200809\X_train_stard_extval.csv
y is: C:/Users/jjnun\Documents/Sync\Research/1_CANBIND_Replication/teyden-git/data/final_datasets/to_run_20200809/y_wk8_rem_qids_sr__final.csv
100 runs of 10-fold CV

Summary of Results:------------------------------------
Mean accuracy is: 0.7672, with Standard Deviation: 0.006587
Mean balanced accuracy is: 0.7392, with Standard Deviation: 0.005779
Mean AUC is: 0.8192, with Standard Deviation: 0.004047
Mean sensitivty is: 0.6856, with Standard Deviation: 0.012718
Mean specificty is: 0.7929, with Standard Deviation: 0.009941
Mean precision is: 0.5120, with Standard Deviation: 0.010495
Mean f1 is: 0.5850, with Standard Deviation: 0.0078
Mean true positive is: 0.1638, with Standard Deviation: 0.003038
Mean false positive is: 0.1577, with Standard Deviation: 0.007566
Mean true negative is: 0.6034, with Standard Deviation: 0.007566
Mean false negative is: 0.0751, with Standard Deviation: 0.003038
Mean number of features used is: 0.0000 of 100, with Standard Deviation: 0.0000

Feature Importance And Use:---------------------------
Top 30 Features by importance, in descending order (1st most important):
By position in data matrix, 1 added to skip index=0 
Code does not support feature for this model at this time
Statistical Significance:----------------------------
Raw results:----------------------------------------
Accuracies
[0.76777778,0.76833333,0.77222222,0.76666667,0.77,0.76055556,0.77722222,0.75944444,0.77666667,0.76666667,0.76888889,0.76,0.77111111,0.77166667,0.77722222,0.75611111,0.77333333,0.75722222,0.76444444,0.76388889,0.76,0.77166667,0.76833333,0.76944444,0.76777778,0.78,0.77333333,0.77444444,0.76722222,0.76444444,0.75555556,0.76222222,0.77166667,0.75777778,0.76666667,0.76388889,0.77333333,0.77333333,0.77277778,0.77222222,0.76111111,0.76611111,0.765,0.76722222,0.76333333,0.77,0.76833333,0.76444444,0.75611111,0.75277778,0.755,0.76611111,0.78,0.76444444,0.78166667,0.76388889,0.76444444,0.77277778,0.76611111,0.76333333,0.77111111,0.77833333,0.77166667,0.75833333,0.76388889,0.765,0.75388889,0.75888889,0.76277778,0.77777778,0.75666667,0.77055556,0.77222222,0.75722222,0.77166667,0.77166667,0.75777778,0.77277778,0.77,0.77611111,0.76444444,0.76944444,0.77,0.77722222,0.76944444,0.77666667,0.76833333,0.76333333,0.76777778,0.76,0.77888889,0.76,0.76166667,0.76611111,0.76666667,0.77833333,0.76555556,0.76388889,0.76444444,0.76388889]
Balanced Accuracies
[0.74133424,0.73691224,0.73547785,0.73342387,0.73880496,0.73738754,0.74913427,0.73745544,0.74797148,0.74539127,0.74206417,0.74420302,0.74272619,0.74309116,0.74674079,0.7304787,0.7457817,0.73439993,0.73834663,0.73798167,0.73861823,0.74229333,0.73930572,0.74562044,0.75170599,0.75016126,0.73620777,0.74890511,0.73698014,0.73595315,0.72851808,0.73369547,0.74069767,0.72918011,0.73103039,0.73558819,0.73860126,0.7370056,0.74461891,0.74106264,0.73695468,0.73146325,0.73871159,0.73458666,0.73921236,0.73561365,0.73850789,0.73914446,0.72648956,0.73866067,0.73373791,0.741835,0.75175692,0.74393142,0.74327788,0.72521643,0.73994228,0.74701239,0.73385673,0.74001019,0.74192837,0.7498642,0.74628246,0.73752334,0.74276863,0.73950942,0.72742319,0.73310134,0.73485826,0.74152096,0.73403497,0.74236123,0.74345612,0.72961297,0.74787812,0.73431506,0.73556272,0.74222543,0.73641148,0.74361738,0.73595315,0.73365303,0.74518757,0.74913427,0.73684434,0.73999321,0.73850789,0.73203191,0.73894076,0.73383127,0.74624003,0.73622475,0.73971312,0.74502631,0.73661518,0.74029027,0.74865048,0.73159905,0.73595315,0.73718384]
AUCs
[0.82137158,0.82693091,0.81273129,0.81447971,0.81289255,0.82165167,0.82383297,0.82449499,0.81767102,0.82564081,0.81672891,0.82379053,0.81184858,0.81511628,0.82570022,0.81591411,0.82064166,0.82586148,0.8191818,0.82328976,0.81621117,0.81867255,0.82008148,0.82084536,0.82624342,0.81751825,0.81608386,0.81453913,0.81609234,0.81781531,0.81939399,0.82047191,0.81429299,0.81434391,0.81359701,0.82015787,0.81382618,0.82467323,0.8148277,0.81990324,0.81627907,0.81567646,0.82188084,0.81852826,0.82053981,0.8229248,0.81706841,0.82463928,0.8180954,0.81771346,0.81481073,0.81743337,0.8196571,0.82389238,0.82271261,0.81677983,0.8214989,0.82369717,0.81996265,0.82548803,0.81508233,0.82171108,0.8317688,0.81513325,0.82413003,0.82218639,0.81094042,0.82203361,0.81974198,0.82182142,0.81484468,0.81806994,0.82424885,0.81608386,0.81844339,0.81790867,0.81283314,0.82524189,0.81636395,0.81930063,0.81594806,0.81966559,0.81791716,0.82476659,0.81834154,0.81846036,0.81725513,0.81601596,0.82334918,0.81882533,0.82045493,0.81686471,0.82583602,0.81678832,0.81297742,0.81799355,0.8214989,0.81459854,0.81515872,0.81703446]
Sensitivites
[0.69069767,0.67674419,0.66511628,0.66976744,0.67906977,0.69302326,0.69534884,0.69534884,0.69302326,0.70465116,0.69069767,0.71395349,0.68837209,0.68837209,0.68837209,0.68139535,0.69302326,0.69069767,0.68837209,0.68837209,0.69767442,0.68604651,0.68372093,0.7,0.72093023,0.69302326,0.66511628,0.7,0.67906977,0.68139535,0.67674419,0.67906977,0.68139535,0.6744186,0.6627907,0.68139535,0.67209302,0.66744186,0.69069767,0.68139535,0.69069767,0.66511628,0.68837209,0.67209302,0.69302326,0.66976744,0.68139535,0.69069767,0.66976744,0.71162791,0.69302326,0.69534884,0.69767442,0.70465116,0.66976744,0.65116279,0.69302326,0.69767442,0.67209302,0.69534884,0.68604651,0.69534884,0.69767442,0.69767442,0.70232558,0.69069767,0.67674419,0.68372093,0.68139535,0.67209302,0.69069767,0.68837209,0.68837209,0.67674419,0.70232558,0.6627907,0.69302326,0.68372093,0.67209302,0.68139535,0.68139535,0.66511628,0.69767442,0.69534884,0.6744186,0.66976744,0.68139535,0.67209302,0.68372093,0.68372093,0.68372093,0.69069767,0.69767442,0.70465116,0.67906977,0.66744186,0.71627907,0.66976744,0.68139535,0.68604651]
Specificities
[0.7919708,0.79708029,0.80583942,0.79708029,0.79854015,0.78175182,0.80291971,0.77956204,0.80291971,0.78613139,0.79343066,0.77445255,0.79708029,0.79781022,0.80510949,0.77956204,0.79854015,0.77810219,0.78832117,0.78759124,0.77956204,0.79854015,0.79489051,0.79124088,0.78248175,0.80729927,0.80729927,0.79781022,0.79489051,0.79051095,0.78029197,0.78832117,0.8,0.78394161,0.79927007,0.78978102,0.80510949,0.80656934,0.79854015,0.80072993,0.78321168,0.79781022,0.78905109,0.79708029,0.78540146,0.80145985,0.79562044,0.78759124,0.78321168,0.76569343,0.77445255,0.78832117,0.80583942,0.78321168,0.81678832,0.79927007,0.78686131,0.79635036,0.79562044,0.78467153,0.79781022,0.80437956,0.79489051,0.77737226,0.78321168,0.78832117,0.77810219,0.78248175,0.78832117,0.81094891,0.77737226,0.79635036,0.79854015,0.78248175,0.79343066,0.80583942,0.77810219,0.80072993,0.80072993,0.80583942,0.79051095,0.80218978,0.79270073,0.80291971,0.79927007,0.81021898,0.79562044,0.7919708,0.79416058,0.78394161,0.80875912,0.78175182,0.78175182,0.78540146,0.79416058,0.81313869,0.7810219,0.79343066,0.79051095,0.78832117]
Precisions
[0.51428366,0.51533806,0.51881187,0.50965812,0.51642127,0.50197647,0.5262654,0.49890097,0.52617729,0.51108222,0.51452518,0.49987797,0.51782843,0.51805728,0.52964693,0.49681101,0.52179793,0.49607987,0.50611335,0.50607672,0.50089386,0.51979417,0.51363741,0.51629794,0.51248241,0.53418558,0.52153762,0.52288482,0.51131292,0.5054224,0.49254327,0.50402789,0.51714171,0.50026541,0.51203081,0.50498628,0.52092975,0.52239033,0.51947685,0.51886767,0.50246758,0.5115182,0.50717672,0.51287544,0.50543026,0.51625712,0.51437507,0.50791969,0.49316986,0.49322966,0.49337275,0.50968208,0.53233113,0.50682016,0.53829658,0.50647829,0.50837093,0.52120089,0.51087838,0.50508895,0.51755607,0.52825137,0.51825186,0.49729935,0.50595421,0.50727657,0.49126584,0.49773781,0.50656095,0.52983397,0.4965602,0.51803483,0.52022489,0.49624344,0.5171563,0.52056732,0.49818978,0.52041439,0.51698014,0.5273935,0.50722918,0.51671243,0.51531558,0.52873078,0.51519426,0.5289716,0.51363191,0.50517538,0.51271884,0.50282265,0.53021987,0.4995084,0.50175427,0.50973082,0.51125527,0.53000206,0.50969471,0.506524,0.50643084,0.5056995,]
F1s
[0.58783952,0.58310595,0.58252521,0.57824805,0.5858168,0.58090306,0.59858351,0.58020905,0.59759403,0.59130709,0.58867793,0.58761303,0.58993858,0.59043238,0.59698863,0.57269376,0.59390514,0.57646355,0.58291886,0.58211265,0.58242588,0.58998824,0.58517652,0.59260477,0.59759771,0.60168015,0.58389434,0.59768611,0.58256431,0.5800309,0.56910957,0.57740157,0.5874977,0.57268969,0.57626654,0.57969667,0.58630839,0.5849572,0.59220093,0.58825496,0.58090312,0.57692662,0.58315492,0.57974698,0.58375879,0.58213596,0.58504288,0.58387619,0.5673523,0.58017533,0.57546532,0.58746238,0.60313308,0.58878664,0.59501836,0.56848078,0.58494195,0.59532619,0.57908829,0.58403714,0.58919222,0.59990537,0.59382465,0.57985068,0.58744154,0.58433012,0.56846723,0.57553376,0.57963258,0.59181795,0.57624457,0.5900012,0.59121014,0.57142879,0.59508081,0.58113388,0.57840925,0.58989602,0.58319448,0.59345232,0.58071313,0.57982338,0.59196801,0.59947688,0.58319285,0.58937511,0.58450005,0.57574519,0.58457684,0.5777468,0.59671075,0.57932344,0.5832929,0.59046338,0.58165146,0.58988122,0.59410206,0.57571192,0.57998908,0.58137925]
Number of features used
[0.,0.,0.,0.,0.,0.,0.,0.,0.,0.,0.,0.,0.,0.,0.,0.,0.,0.,0.,0.,0.,0.,0.,0.,0.,0.,0.,0.,0.,0.,0.,0.,0.,0.,0.,0.,0.,0.,0.,0.,0.,0.,0.,0.,0.,0.,0.,0.,0.,0.,0.,0.,0.,0.,0.,0.,0.,0.,0.,0.,0.,0.,0.,0.,0.,0.,0.,0.,0.,0.,0.,0.,0.,0.,0.,0.,0.,0.,0.,0.,0.,0.,0.,0.,0.,0.,0.,0.,0.,0.,0.,0.,0.,0.,0.,0.,0.,0.,0.,0.]
Mean Feature importances Across Runs
[0.,0.,0.,0.,0.,0.,0.,0.,0.,0.,0.,0.,0.,0.,0.,0.,0.,0.,0.,0.,0.,0.,0.,0.,0.,0.,0.,0.,0.,0.,0.,0.,0.
,0.,0.,0.,0.,0.,0.,0.,0.,0.,0.,0.,0.,0.,0.,0.,0.,0.,0.,0.,0.,0.,0.,0.,0.,0.,0.,0.,0.,0.,0.,0.,0.,0.
,0.,0.,0.,0.,0.,0.,0.,0.,0.,0.,0.,0.,0.,0.,0.,0.,0.,0.,0.,0.,0.,0.,0.,0.,0.,0.,0.,0.,0.,0.,0.,0.,0.
,0.]
Mean Feature importances std. deviation Across Runs
[0.,0.,0.,0.,0.,0.,0.,0.,0.,0.,0.,0.,0.,0.,0.,0.,0.,0.,0.,0.,0.,0.,0.,0.,0.,0.,0.,0.,0.,0.,0.,0.,0.
,0.,0.,0.,0.,0.,0.,0.,0.,0.,0.,0.,0.,0.,0.,0.,0.,0.,0.,0.,0.,0.,0.,0.,0.,0.,0.,0.,0.,0.,0.,0.,0.,0.
,0.,0.,0.,0.,0.,0.,0.,0.,0.,0.,0.,0.,0.,0.,0.,0.,0.,0.,0.,0.,0.,0.,0.,0.,0.,0.,0.,0.,0.,0.,0.,0.,0.
,0.]
