MODEL RESULTS for run at: extval_rem_gbdt_100_X_ovlap_resp_y_wk8_rem_qids_sr_all_20200813-1922.txt

Model Parameters:-----------------------------------
Evaluation: extval_rem
Model: gbdt
Feature selection: all
X is: C:\Users\jjnun\Documents\Sync\Research\1_CANBIND_Replication\teyden-git\data\final_datasets\to_run_20200809\X_train_stard_extval.csv
y is: C:/Users/jjnun\Documents/Sync\Research/1_CANBIND_Replication/teyden-git/data/final_datasets/to_run_20200809/y_wk8_rem_qids_sr__final.csv
100 runs of 10-fold CV

Summary of Results:------------------------------------
Mean accuracy is: 0.7547, with Standard Deviation: 0.002263
Mean balanced accuracy is: 0.7532, with Standard Deviation: 0.002737
Mean AUC is: 0.8284, with Standard Deviation: 0.000767
Mean sensitivty is: 0.7503, with Standard Deviation: 0.004877
Mean specificty is: 0.7561, with Standard Deviation: 0.002576
Mean precision is: 0.4914, with Standard Deviation: 0.003076
Mean f1 is: 0.5937, with Standard Deviation: 0.0033
Mean true positive is: 0.1792, with Standard Deviation: 0.001165
Mean false positive is: 0.1856, with Standard Deviation: 0.001961
Mean true negative is: 0.5755, with Standard Deviation: 0.001961
Mean false negative is: 0.0597, with Standard Deviation: 0.001165
Mean number of features used is: 0.0000 of 100, with Standard Deviation: 0.0000

Feature Importance And Use:---------------------------
Top 30 Features by importance, in descending order (1st most important):
By position in data matrix, 1 added to skip index=0 
Code does not support feature for this model at this time
Statistical Significance:----------------------------
Raw results:----------------------------------------
Accuracies
[0.75444444,0.75722222,0.75277778,0.75388889,0.75277778,0.75555556,0.75388889,0.75444444,0.75555556,0.75388889,0.75555556,0.755,0.75611111,0.75555556,0.75611111,0.75333333,0.75388889,0.75611111,0.75222222,0.75166667,0.75555556,0.75666667,0.75611111,0.75444444,0.75277778,0.755,0.75666667,0.75722222,0.75277778,0.75611111,0.75333333,0.75833333,0.74888889,0.75944444,0.76111111,0.75611111,0.75555556,0.75055556,0.75388889,0.75222222,0.75222222,0.75555556,0.75555556,0.755,0.75777778,0.75333333,0.75555556,0.75111111,0.75222222,0.75444444,0.75722222,0.75444444,0.75555556,0.75277778,0.75722222,0.75611111,0.755,0.755,0.75777778,0.75388889,0.75611111,0.75388889,0.75222222,0.75555556,0.75166667,0.75444444,0.75611111,0.75,0.75222222,0.75333333,0.75388889,0.75055556,0.75611111,0.75444444,0.755,0.755,0.75555556,0.75333333,0.75333333,0.75277778,0.75666667,0.75444444,0.75222222,0.75277778,0.75555556,0.75777778,0.75277778,0.75777778,0.75666667,0.75944444,0.755,0.75277778,0.75111111,0.75444444,0.75277778,0.75222222,0.76,0.75666667,0.75222222,0.76,]
Balanced Accuracies
[0.75252079,0.75753692,0.75062808,0.751358,0.75302156,0.75325072,0.75295366,0.75411645,0.75484638,0.751358,0.75085724,0.75607707,0.75361568,0.75484638,0.75680699,0.75258869,0.75295366,0.75521134,0.74946529,0.7514938,0.7556442,0.75637413,0.75441351,0.75012731,0.74983025,0.75527924,0.7555763,0.75434561,0.75222373,0.75521134,0.75418435,0.75667119,0.74567985,0.7597946,0.75849601,0.75361568,0.75644203,0.74916822,0.75534714,0.74786963,0.75265659,0.75245289,0.75484638,0.75288576,0.75630623,0.75258869,0.75404855,0.75033101,0.74786963,0.75331862,0.75673909,0.75172297,0.75803768,0.7514259,0.75195213,0.75600917,0.75448141,0.75208793,0.75471058,0.751358,0.75600917,0.75454931,0.74786963,0.75404855,0.74910032,0.75331862,0.75361568,0.74800543,0.75026311,0.75179087,0.75295366,0.74916822,0.75521134,0.75172297,0.75448141,0.75288576,0.75245289,0.75338652,0.74939739,0.75062808,0.7555763,0.75411645,0.75106094,0.75062808,0.75165507,0.75630623,0.7514259,0.7555084,0.75318282,0.75660329,0.75288576,0.75062808,0.75033101,0.75411645,0.75302156,0.74946529,0.75856391,0.7555763,0.74946529,0.75856391]
AUCs
[0.827211,0.82926498,0.82661687,0.82860295,0.82834833,0.82785605,0.82901035,0.82872178,0.82880665,0.8280258,0.82895943,0.82777118,0.82799185,0.82892548,0.82846715,0.82967238,0.82770328,0.82880665,0.82811068,0.82785605,0.82909523,0.8274826,0.82934986,0.82792395,0.82819555,0.8280937,0.82812765,0.82789,0.82814463,0.82785605,0.828569,0.82826345,0.82709217,0.82839925,0.8280937,0.8274826,0.82709217,0.82839925,0.82839925,0.8283653,0.82858598,0.8267357,0.82972331,0.82799185,0.82979121,0.82780513,0.82880665,0.82834833,0.82929893,0.82817858,0.82945171,0.82868783,0.82804278,0.82948566,0.82894245,0.82846715,0.82789,0.82814463,0.82875573,0.82934986,0.82704125,0.8269394,0.82936683,0.82919708,0.8284332,0.82853505,0.82997793,0.82722797,0.82789,0.82834833,0.82892548,0.82828043,0.82916313,0.82858598,0.82860295,0.82807673,0.82911221,0.82909523,0.82839925,0.8282295,0.82824648,0.82785605,0.8281616,0.82878968,0.8281616,0.82940078,0.83018163,0.82865388,0.828569,0.82833135,0.82732983,0.82722797,0.82851808,0.82996096,0.82710915,0.82777118,0.8273468,0.83024953,0.8287048,0.82907825]
Sensitivites
[0.74883721,0.75813953,0.74651163,0.74651163,0.75348837,0.74883721,0.75116279,0.75348837,0.75348837,0.74651163,0.74186047,0.75813953,0.74883721,0.75348837,0.75813953,0.75116279,0.75116279,0.75348837,0.74418605,0.75116279,0.75581395,0.75581395,0.75116279,0.74186047,0.74418605,0.75581395,0.75348837,0.74883721,0.75116279,0.75348837,0.75581395,0.75348837,0.73953488,0.76046512,0.75348837,0.74883721,0.75813953,0.74651163,0.75813953,0.73953488,0.75348837,0.74651163,0.75348837,0.74883721,0.75348837,0.75116279,0.75116279,0.74883721,0.73953488,0.75116279,0.75581395,0.74651163,0.7627907,0.74883721,0.74186047,0.75581395,0.75348837,0.74651163,0.74883721,0.74651163,0.75581395,0.75581395,0.73953488,0.75116279,0.74418605,0.75116279,0.74883721,0.74418605,0.74651163,0.74883721,0.75116279,0.74651163,0.75348837,0.74651163,0.75348837,0.74883721,0.74651163,0.75348837,0.74186047,0.74651163,0.75348837,0.75348837,0.74883721,0.74651163,0.74418605,0.75348837,0.74883721,0.75116279,0.74651163,0.75116279,0.74883721,0.74651163,0.74883721,0.75348837,0.75348837,0.74418605,0.75581395,0.75348837,0.74418605,0.75581395]
Specificities
[0.75620438,0.75693431,0.75474453,0.75620438,0.75255474,0.75766423,0.75474453,0.75474453,0.75620438,0.75620438,0.75985401,0.7540146,0.75839416,0.75620438,0.75547445,0.7540146,0.75474453,0.75693431,0.75474453,0.75182482,0.75547445,0.75693431,0.75766423,0.75839416,0.75547445,0.75474453,0.75766423,0.75985401,0.75328467,0.75693431,0.75255474,0.75985401,0.75182482,0.75912409,0.76350365,0.75839416,0.75474453,0.75182482,0.75255474,0.75620438,0.75182482,0.75839416,0.75620438,0.75693431,0.75912409,0.7540146,0.75693431,0.75182482,0.75620438,0.75547445,0.75766423,0.75693431,0.75328467,0.7540146,0.7620438,0.75620438,0.75547445,0.75766423,0.76058394,0.75620438,0.75620438,0.75328467,0.75620438,0.75693431,0.7540146,0.75547445,0.75839416,0.75182482,0.7540146,0.75474453,0.75474453,0.75182482,0.75693431,0.75693431,0.75547445,0.75693431,0.75839416,0.75328467,0.75693431,0.75474453,0.75766423,0.75474453,0.75328467,0.75474453,0.75912409,0.75912409,0.7540146,0.75985401,0.75985401,0.7620438,0.75693431,0.75474453,0.75182482,0.75474453,0.75255474,0.75474453,0.76131387,0.75766423,0.75474453,0.76131387]
Precisions
[0.49107249,0.49482138,0.48880198,0.49040847,0.4890213,0.49242111,0.49022864,0.49115572,0.49246277,0.49033244,0.49243967,0.49190037,0.49324016,0.49276492,0.49355777,0.48957498,0.49027634,0.49362647,0.48800817,0.48732478,0.4926958,0.49429516,0.49320997,0.49088224,0.48885869,0.49184635,0.49400866,0.494826,0.48882589,0.4933296,0.48970105,0.49634209,0.48349277,0.497923,0.50006889,0.4933849,0.49262659,0.48568214,0.49030954,0.48793877,0.48827562,0.49241272,0.49246501,0.4916992,0.49590096,0.48945289,0.49245629,0.48651035,0.48803683,0.49099508,0.49484513,0.49087799,0.49257858,0.48866788,0.4947575,0.49380022,0.49192905,0.49181765,0.49557353,0.49035654,0.49323702,0.49031811,0.48791293,0.49276152,0.48742541,0.49103278,0.49323699,0.48551748,0.48798787,0.48957634,0.4902732,0.48581528,0.49345,0.49092794,0.49187267,0.49167516,0.49295318,0.48975167,0.48925262,0.48879773,0.49407555,0.4910234,0.48805457,0.48886855,0.49242285,0.49547827,0.48871526,0.49569153,0.49401012,0.4977369,0.49194961,0.48882546,0.48642084,0.49115369,0.48884066,0.48814178,0.49855592,0.49442355,0.48812507,0.4987173,]
F1s
[0.59309942,0.59876255,0.59067019,0.59182716,0.59294706,0.59406268,0.59321039,0.59451674,0.59545178,0.59167032,0.59180388,0.59653644,0.59470634,0.59565451,0.59775577,0.59273368,0.59325149,0.59629088,0.5893747,0.59103909,0.59644394,0.59753922,0.59539098,0.59074901,0.58983473,0.59576319,0.59672777,0.5958206,0.5921759,0.59621378,0.59412615,0.59837307,0.58449069,0.6017333,0.60111699,0.59461998,0.59712457,0.58846265,0.59537336,0.58783434,0.59243149,0.59323455,0.59550411,0.59349418,0.59795158,0.59254314,0.59480292,0.58973503,0.58779036,0.59376298,0.59802167,0.59222263,0.59848642,0.59136877,0.59345911,0.59715677,0.59511313,0.59290538,0.59632922,0.59175918,0.59684399,0.59465025,0.58776302,0.59500474,0.58881984,0.59376112,0.5946501,0.58737728,0.59010384,0.59199009,0.59324346,0.58853534,0.59619864,0.59224495,0.5950789,0.59355317,0.59355924,0.59353668,0.58961531,0.59065503,0.59673696,0.59445917,0.5908295,0.59071282,0.59260824,0.59778473,0.59137002,0.59718067,0.59452273,0.5986405,0.59362682,0.59064622,0.58966774,0.59459781,0.59286783,0.58938847,0.60075821,0.59687682,0.58944025,0.60078102]
Number of features used
[0.,0.,0.,0.,0.,0.,0.,0.,0.,0.,0.,0.,0.,0.,0.,0.,0.,0.,0.,0.,0.,0.,0.,0.,0.,0.,0.,0.,0.,0.,0.,0.,0.,0.,0.,0.,0.,0.,0.,0.,0.,0.,0.,0.,0.,0.,0.,0.,0.,0.,0.,0.,0.,0.,0.,0.,0.,0.,0.,0.,0.,0.,0.,0.,0.,0.,0.,0.,0.,0.,0.,0.,0.,0.,0.,0.,0.,0.,0.,0.,0.,0.,0.,0.,0.,0.,0.,0.,0.,0.,0.,0.,0.,0.,0.,0.,0.,0.,0.,0.]
Mean Feature importances Across Runs
[0.,0.,0.,0.,0.,0.,0.,0.,0.,0.,0.,0.,0.,0.,0.,0.,0.,0.,0.,0.,0.,0.,0.,0.,0.,0.,0.,0.,0.,0.,0.,0.,0.
,0.,0.,0.,0.,0.,0.,0.,0.,0.,0.,0.,0.,0.,0.,0.,0.,0.,0.,0.,0.,0.,0.,0.,0.,0.,0.,0.,0.,0.,0.,0.,0.,0.
,0.,0.,0.,0.,0.,0.,0.,0.,0.,0.,0.,0.,0.,0.,0.,0.,0.,0.,0.,0.,0.,0.,0.,0.,0.,0.,0.,0.,0.,0.,0.,0.,0.
,0.]
Mean Feature importances std. deviation Across Runs
[0.,0.,0.,0.,0.,0.,0.,0.,0.,0.,0.,0.,0.,0.,0.,0.,0.,0.,0.,0.,0.,0.,0.,0.,0.,0.,0.,0.,0.,0.,0.,0.,0.
,0.,0.,0.,0.,0.,0.,0.,0.,0.,0.,0.,0.,0.,0.,0.,0.,0.,0.,0.,0.,0.,0.,0.,0.,0.,0.,0.,0.,0.,0.,0.,0.,0.
,0.,0.,0.,0.,0.,0.,0.,0.,0.,0.,0.,0.,0.,0.,0.,0.,0.,0.,0.,0.,0.,0.,0.,0.,0.,0.,0.,0.,0.,0.,0.,0.,0.
,0.]
