MODEL RESULTS for run at: ovlap_resp_rf_cv_100_all_20200203-115807.txt

Model Parameters:-----------------------------------
Model: rf_cv
Feature selection: all
X is: C:\Users\jjnun\Documents\Sync\Research\1_CANBIND Replication\teyden-git\data\final_datasets\to_run_20201016\2_ExternalValidation\X_train_stard_extval.csv
y is: C:\Users\jjnun\Documents\Sync\Research\1_CANBIND Replication\teyden-git\data\final_datasets\to_run_20201016\2_ExternalValidation\y_train_stard_extval.csv
100 runs of 10-fold CV

Summary of Results:------------------------------------
Mean accuracy is: 0.6730, with Standard Deviation: 0.002511
Mean balanced accuracy is: 0.7014, with Standard Deviation: 0.002451
Mean AUC is: 0.7794, with Standard Deviation: 0.001595
Mean sensitivty is: 0.5357, with Standard Deviation: 0.003683
Mean specificty is: 0.8672, with Standard Deviation: 0.003395
Mean precision is: 0.8511, with Standard Deviation: 0.003335
Mean f1 is: 0.6568, with Standard Deviation: 0.0032
Mean number of features used is: 98.5532 of 100, with Standard Deviation: 0.0377

Feature Importance And Use:---------------------------
Top 30 Features by importance, in descending order (1st most important):
By position in data matrix, 1 added to skip index=0 
[96 36  2 31 69 29 35  3  9 85 98 60 44 50 86 48 87 33 72 32 40  8 56 46
 52 34 71 73 43 10]
imput_QIDS_SR_perc_change:::
QIDS_OVERL_SEVTY_week2:::qids01_w2sr__qstot
AGE:::interview_age
PSYHIS_MDE_EP_DUR_MO:::phx01__episode_date
QLESQA_TOT_QLESQB_TOT_merged:::
PSYHIS_MDD_AGE:::phx01__dage
QIDS_OVERL_SEVTY_baseline:::qids01_w0sr__qstot
EDUC:::dm01_enroll__educat
LAM_2_baseline:::wpai01__wpai_totalhrs
SDS_1_1_baseline:::wsas01__wsas01
imput_QIDS_SR_psychomot_domain_week2:::
QIDS_SR_5_week2:::qids01_w2sr__vmdsd
QIDS_SR_13_week2:::qids01_w2sr__vintr
QIDS_SR_16_week2:::qids01_w2sr__vagit
SDS_2_1_baseline:::wsas01__wsas03
QIDS_SR_15_week2:::qids01_w2sr__vslow
SDS_3_1_baseline:::wsas01__wsas02
QIDS_ATYPICAL_baseline:::
QLESQ_1A_12_baseline_QLESQ_1B_12_baseline_merged:::qlesq01__qlesq12
PSYHIS_MDE_NUM:::phx01__epino
QIDS_SR_11_week2:::qids01_w2sr__vvwsf
HSHLD_INCOME:::dm01_w0__totincom
QIDS_SR_3_week2:::qids01_w2sr__vemin
QIDS_SR_14_week2:::qids01_w2sr__vengy
QIDS_SR_1_week2:::qids01_w2sr__vsoin
QIDS_ATYPICAL_week2:::
QLESQ_1A_11_baseline_QLESQ_1B_11_baseline_merged:::qlesq01__qlesq11
QLESQ_1A_13_baseline_QLESQ_1B_13_baseline_merged:::qlesq01__qlesq13
QIDS_SR_13_baseline:::qids01_w0sr__vintr
LAM_3_baseline:::wpai01__wpai02

Statistical Significance:----------------------------
Raw results:----------------------------------------
Accuracies
[0.67890958 0.66833104 0.67524534 0.67231876 0.6725865  0.67262693
 0.66832995 0.67195703 0.67692829 0.66863703 0.67095928 0.67128931
 0.67459074 0.67095819 0.66930037 0.67330885 0.67364107 0.6752661
 0.67327607 0.67393723 0.6742607  0.67228816 0.6749317  0.67165432
 0.67229253 0.67063908 0.67194392 0.67361266 0.67362249 0.66601316
 0.66965226 0.67163028 0.6683059  0.67525955 0.67791183 0.67295259
 0.67826591 0.67228925 0.67229471 0.67328153 0.67426835 0.67197889
 0.67295259 0.6716259  0.6706216  0.67425633 0.67130134 0.67196359
 0.6752814  0.67425852 0.67459729 0.67129696 0.671627   0.67096912
 0.67263349 0.67360282 0.67660263 0.6722816  0.67161388 0.67262147
 0.67362359 0.67292746 0.67691299 0.67626822 0.67229471 0.67295587
 0.67032872 0.6732859  0.67427491 0.67261491 0.67725286 0.67592945
 0.6716106  0.67558193 0.67426617 0.6716412  0.66898236 0.67523004
 0.67361922 0.67197014 0.67095382 0.67492842 0.67029922 0.67294604
 0.67492514 0.67296461 0.67131008 0.67690425 0.67822984 0.67659607
 0.67493716 0.67627259 0.67262365 0.67328153 0.66733001 0.67030359
 0.67392521 0.66734203 0.67095272 0.67493279]
Balanced Accuracies
[0.70709177 0.69723452 0.70267561 0.70022523 0.70100557 0.70266229
 0.69708093 0.70080086 0.70495056 0.69638301 0.69893298 0.69932426
 0.70404808 0.70006069 0.69717555 0.7018504  0.70237611 0.70361326
 0.70174577 0.7025707  0.70373597 0.70013557 0.70337208 0.70000512
 0.70209669 0.6992248  0.70077029 0.70097529 0.70194965 0.69582409
 0.69823865 0.70014598 0.69566248 0.70415608 0.70640139 0.70058832
 0.70618059 0.70086187 0.69982197 0.7024685  0.70284041 0.70150562
 0.70075694 0.70073855 0.69879162 0.70284863 0.69995608 0.70053498
 0.70362776 0.70329179 0.7028741  0.69927174 0.69930282 0.70016654
 0.70165338 0.702007   0.70392316 0.70122423 0.69982728 0.70152363
 0.7017584  0.70138308 0.70509369 0.70490329 0.69999536 0.70185848
 0.69860832 0.70026529 0.70216092 0.70152912 0.70593043 0.70349428
 0.70168216 0.70263132 0.70198554 0.69899433 0.69798978 0.70322563
 0.70249749 0.70079782 0.70002322 0.70350157 0.69937576 0.70252104
 0.70352273 0.7006027  0.70030353 0.70470848 0.70594598 0.70479885
 0.70316991 0.70435729 0.70181991 0.70267502 0.69633349 0.69906912
 0.70409094 0.69501694 0.69977249 0.70266391]
AUCs
[0.77793329 0.77862555 0.77813217 0.77886463 0.77841935 0.78095037
 0.77812894 0.77989235 0.78026894 0.77969475 0.7785173  0.77787475
 0.78127172 0.77699414 0.77767684 0.78152096 0.7785582  0.77937617
 0.78266871 0.77977305 0.78157701 0.78011647 0.77706856 0.77929632
 0.78221881 0.77921211 0.77976631 0.77762089 0.77848552 0.77585581
 0.77742724 0.77906237 0.77862995 0.78017052 0.78235406 0.77619625
 0.7806453  0.7810848  0.78089793 0.78008941 0.77920111 0.77739501
 0.77805116 0.7797772  0.78024269 0.78027257 0.77992737 0.77885989
 0.77944231 0.78217812 0.7789251  0.7775152  0.77774209 0.7773733
 0.7792686  0.77654926 0.78214268 0.77881928 0.78003912 0.78112428
 0.78130951 0.77818713 0.77961138 0.78003029 0.77988263 0.78024576
 0.77932658 0.77671285 0.77995512 0.78018435 0.77969862 0.77891794
 0.78214263 0.77977832 0.77891277 0.77851709 0.78016703 0.77929837
 0.7827871  0.77630066 0.77778018 0.77922007 0.78032742 0.78150735
 0.77937542 0.77960118 0.78059293 0.78111797 0.78134186 0.78120621
 0.77891216 0.77981064 0.77792468 0.78138409 0.77949953 0.77681857
 0.78071636 0.77644996 0.77763218 0.77652345]
Sensitivites
[0.54287892 0.52963652 0.53682852 0.53663798 0.53474117 0.53743945
 0.53139824 0.53063572 0.54112609 0.53081531 0.53343942 0.53516484
 0.5336085  0.53540409 0.52913716 0.53774047 0.53833262 0.53644616
 0.53556754 0.53800538 0.53592404 0.5328848  0.53709681 0.53353091
 0.5358582  0.53248901 0.53371277 0.54189053 0.53671031 0.52590388
 0.5326161  0.5337794  0.53409237 0.5384055  0.54091902 0.53758494
 0.54385034 0.53711953 0.53301517 0.53551739 0.53572527 0.53306595
 0.53714566 0.53329049 0.53273498 0.53451876 0.53290819 0.53564107
 0.53914078 0.53696638 0.53804606 0.53749543 0.53771312 0.53208473
 0.53716096 0.5334527  0.53846766 0.53403483 0.5324987  0.53321167
 0.53750895 0.53841881 0.53812182 0.53438825 0.53790116 0.53670655
 0.53071329 0.54117202 0.53830532 0.53499494 0.5430211  0.54148361
 0.53173262 0.54194122 0.54026654 0.53660139 0.52860404 0.54238674
 0.53515943 0.53202501 0.52943264 0.53735975 0.53279531 0.53369172
 0.53655863 0.53440509 0.53291254 0.54109786 0.54022434 0.53698698
 0.53766852 0.54333908 0.53289515 0.53680441 0.52904483 0.5326102
 0.5328531  0.52868276 0.5331183  0.54127316]
Specificities
[0.87130462 0.86483253 0.86852269 0.86381249 0.86726998 0.86788513
 0.86276362 0.870966   0.86877502 0.8619507  0.86442654 0.86348368
 0.87448767 0.8647173  0.86521394 0.86596033 0.86641959 0.87078036
 0.867924   0.86713603 0.87154791 0.86738635 0.86964736 0.86647933
 0.86833518 0.86596059 0.8678278  0.86006006 0.86718899 0.86574429
 0.86386119 0.86651256 0.85723258 0.86990666 0.87188375 0.8635917
 0.86851084 0.8646042  0.86662877 0.86941961 0.86995555 0.86994528
 0.86436822 0.86818661 0.86484825 0.87117849 0.86700397 0.86542888
 0.86811473 0.8696172  0.86770214 0.86104805 0.86089253 0.86824836
 0.86614579 0.87056131 0.86937865 0.86841362 0.86715585 0.86983559
 0.86600786 0.86434735 0.87206555 0.87541834 0.86208957 0.8670104
 0.86650335 0.85935856 0.86601652 0.8680633  0.86883976 0.86550495
 0.8716317  0.86332142 0.86370454 0.86138727 0.86737552 0.86406452
 0.86983556 0.86957063 0.87061379 0.86964338 0.86595621 0.87135035
 0.87048683 0.86680031 0.86769452 0.86831911 0.87166762 0.87261073
 0.86867131 0.86537549 0.87074466 0.86854563 0.86362214 0.86552803
 0.87532878 0.86135112 0.86642668 0.86405467]
Precisions
[0.85689635 0.84645447 0.85362376 0.84780691 0.85042145 0.85231208
 0.84552469 0.85385611 0.8542364  0.84301578 0.84977712 0.84842082
 0.85707008 0.84946949 0.84907448 0.85044881 0.85104052 0.85498645
 0.85291735 0.84970538 0.85321081 0.8527185  0.85297394 0.84977708
 0.85157351 0.84868376 0.85102557 0.84641958 0.85076702 0.84607599
 0.8465488  0.8502292  0.84191318 0.85466053 0.85709812 0.84960118
 0.85504311 0.84886904 0.85277082 0.85332236 0.8537872  0.85333977
 0.84929235 0.849876   0.84816864 0.85538945 0.84954406 0.84916806
 0.85344935 0.8518625  0.85254598 0.84625376 0.84481766 0.85133631
 0.85017808 0.85470673 0.85251656 0.85129153 0.85028965 0.8529583
 0.85065298 0.84908544 0.85586172 0.85841277 0.84780697 0.85045425
 0.84903606 0.84456246 0.84967264 0.85138312 0.85497793 0.85086337
 0.85342189 0.85146142 0.84977513 0.84924898 0.84914699 0.84969011
 0.85337699 0.85095303 0.85272363 0.85243159 0.84854774 0.85442266
 0.85755136 0.85222368 0.85098523 0.8543742  0.85668817 0.85743763
 0.85326721 0.85107671 0.85373267 0.85237729 0.84587408 0.84928641
 0.85661925 0.84345159 0.84981394 0.85025755]
F1s
[0.66434243 0.65057342 0.65867471 0.65696274 0.65571584 0.65714947
 0.65201825 0.65381558 0.66191143 0.64955031 0.6544369  0.65524025
 0.65692417 0.65511861 0.65139245 0.65797663 0.65888684 0.65782165
 0.65735277 0.65860689 0.65770997 0.65521392 0.65856792 0.65513386
 0.6563225  0.65399785 0.65556677 0.6603953  0.65783961 0.6480389
 0.65326952 0.65534734 0.65290182 0.65969255 0.66316094 0.65793747
 0.66311306 0.65687658 0.65537231 0.65747105 0.65774741 0.65545666
 0.65746309 0.65461572 0.65307138 0.65748104 0.65422183 0.65620641
 0.6603027  0.65799561 0.65883811 0.65656692 0.6568975  0.65437488
 0.65697621 0.65657147 0.65939985 0.65557362 0.6545556  0.65587788
 0.65785848 0.65820638 0.66023482 0.65788571 0.65775304 0.65726546
 0.65245383 0.65959862 0.65854268 0.65648909 0.66257085 0.66106575
 0.65414487 0.6616599  0.66016183 0.65670275 0.65047663 0.66186821
 0.65659633 0.65447264 0.65260782 0.65866494 0.65349364 0.65646924
 0.65894885 0.65587898 0.65390754 0.66149208 0.66203344 0.65993636
 0.65878895 0.66235269 0.6559571  0.65773168 0.64966252 0.65375626
 0.65584104 0.64953241 0.65427253 0.66039694]
Number of features used
[98.57666667 98.62666667 98.53333333 98.50333333 98.56333333 98.54333333
 98.51333333 98.56       98.56333333 98.54       98.55666667 98.55333333
 98.54333333 98.52666667 98.62       98.52333333 98.55       98.56
 98.58666667 98.52       98.58333333 98.58333333 98.50666667 98.5
 98.50333333 98.46666667 98.5        98.58666667 98.57       98.56666667
 98.55666667 98.51666667 98.56333333 98.61       98.6        98.56666667
 98.50333333 98.47333333 98.56       98.57333333 98.53333333 98.54666667
 98.55666667 98.57333333 98.48666667 98.53333333 98.53333333 98.61666667
 98.57       98.52       98.47333333 98.58333333 98.64       98.47
 98.53333333 98.53       98.57       98.56333333 98.5        98.62333333
 98.58       98.55       98.63       98.51666667 98.52666667 98.5
 98.58333333 98.55333333 98.61333333 98.59333333 98.57333333 98.56666667
 98.49666667 98.52       98.53333333 98.61       98.58333333 98.50666667
 98.53333333 98.57       98.60666667 98.56666667 98.55666667 98.54
 98.58666667 98.54666667 98.55666667 98.53666667 98.56666667 98.6
 98.51333333 98.56666667 98.53333333 98.55666667 98.56666667 98.55333333
 98.57333333 98.58333333 98.55333333 98.60333333]
Mean Feature importances Across Runs
[3.1583e-03,2.9765e-02,1.8710e-02,4.8070e-03,2.8922e-03,2.7143e-03,1.2293e-03,1.3998e-02,1.8063e-02
,1.0713e-02,7.3251e-04,2.4069e-03,3.9909e-05,1.7303e-04,0.0000e+00,1.6838e-03,2.5846e-04,8.3206e-04
,2.2123e-03,1.5278e-03,1.3033e-03,3.2594e-03,2.1978e-03,4.3115e-03,3.6649e-03,2.5178e-03,1.1471e-03
,4.2268e-03,2.5037e-02,3.8720e-03,2.7971e-02,1.4694e-02,1.5320e-02,1.2103e-02,2.3279e-02,4.4960e-02
,8.2632e-03,1.0409e-02,1.0267e-02,1.4133e-02,7.0892e-03,6.7394e-03,1.0752e-02,1.6521e-02,9.2178e-03
,1.3806e-02,8.2489e-03,1.5776e-02,8.7126e-03,1.6052e-02,9.4222e-03,1.2711e-02,8.3492e-03,1.0391e-02
,9.5129e-03,1.3882e-02,6.5885e-03,5.4382e-03,7.7591e-03,1.6706e-02,7.5850e-03,7.2205e-03,6.1982e-03
,3.6167e-03,7.0234e-03,6.3553e-03,5.5339e-03,3.7410e-03,2.5235e-02,1.0303e-02,1.1717e-02,1.5007e-02
,1.1279e-02,7.5911e-03,8.0842e-03,1.0253e-02,7.6952e-03,1.0682e-02,9.0708e-03,9.2886e-03,1.0020e-02
,9.3951e-03,7.7494e-03,1.0193e-02,1.8023e-02,1.5879e-02,1.5591e-02,3.8128e-03,3.8115e-03,9.9897e-03
,9.4451e-03,5.6376e-03,7.4641e-03,5.9951e-03,4.4856e-03,7.9052e-02,8.2922e-03,1.6962e-02,5.3094e-03
,6.8846e-03]
Mean Feature importances std. deviation Across Runs
[2.9347e-05,1.2032e-04,8.5270e-05,5.3194e-05,2.8764e-05,2.7119e-05,1.7612e-05,6.9258e-05,9.7276e-05
,5.1559e-05,1.4231e-05,2.8582e-05,2.5267e-06,6.7483e-06,0.0000e+00,2.0171e-05,1.2187e-05,1.6210e-05
,3.0085e-05,2.3990e-05,1.6429e-05,2.4523e-05,2.1384e-05,3.7938e-05,2.7523e-05,2.5964e-05,1.5673e-05
,3.3189e-05,8.9160e-05,2.9968e-05,1.0049e-04,6.0768e-05,7.1273e-05,7.0656e-05,1.0052e-04,3.5035e-04
,4.6246e-05,1.0348e-04,6.5298e-05,1.4641e-04,4.5644e-05,6.1513e-05,6.8195e-05,1.6086e-04,5.2398e-05
,1.5497e-04,4.6862e-05,1.5545e-04,4.8693e-05,1.5050e-04,5.8452e-05,1.1154e-04,5.2702e-05,7.5402e-05
,6.6920e-05,1.4777e-04,3.8348e-05,4.1942e-05,4.2451e-05,1.8201e-04,4.8674e-05,4.4560e-05,4.4177e-05
,3.0323e-05,4.1886e-05,4.1602e-05,3.5250e-05,3.1026e-05,1.0831e-04,5.1568e-05,6.2499e-05,1.0590e-04
,8.4224e-05,4.3514e-05,4.5178e-05,5.7420e-05,3.9883e-05,6.6082e-05,4.8079e-05,5.3999e-05,4.7228e-05
,4.9639e-05,4.8248e-05,5.1991e-05,1.0570e-04,8.4500e-05,8.3805e-05,2.8932e-05,2.9216e-05,6.4455e-05
,5.6975e-05,3.8730e-05,6.7825e-05,4.6263e-05,3.9388e-05,3.8276e-04,4.3322e-05,1.7509e-04,3.9456e-05
,5.6025e-05]
