MODEL RESULTS for run at: rf_100_full_20200202-030728.txt

Model Parameters:-----------------------------------
Model: rf
Feature selection: full
X is: C:\Users\jjnun\Documents\Sync\Research\1_CANBIND Replication\teyden-git\data\final_datasets\to_run_20201016\1_Replication\X_lvl2_rem_qids01__final.csv
y is: C:\Users\jjnun\Documents\Sync\Research\1_CANBIND Replication\teyden-git\data\final_datasets\to_run_20201016\1_Replication\y_lvl2_rem_qids01__final.csv
100 runs of 10-fold CV

Summary of Results:------------------------------------
Mean accuracy is: 0.6990, with Standard Deviation: 0.002318
Mean balanced accuracy is: 0.7280, with Standard Deviation: 0.002576
Mean sensitivty is: 0.7933, with Standard Deviation: 0.004524
Mean specificty is: 0.6627, with Standard Deviation: 0.002816
Mean precision is: 0.4754, with Standard Deviation: 0.002565
Mean f1 is: 0.5933, with Standard Deviation: 0.0029
Mean number of features used is: 460.6850, with Standard Deviation: 0.1508

Feature Importance And Use:---------------------------
Top 30 Features by importance, in descending order (1st most important):
By position in data matrix, 1 added to skip index=0 
[380 478 480 397 479 368 414 427 467 385 377 464 276 363   3 346 100 428
 462 465  82 376 274 373 364  35  30 391  75 472]
qids01_w2c__qstot
imput_idsc5w2
imput_qidscpccg

qids01_w2sr__qstot
imput_idsc5pccg
qids01_w2c__vmdsd
qlesq01__totqlesq
sfhs01__pcs12
wsas01__totwsas
qids01_w2sr__vmdsd
qids01_w2c__vengy
wsas01__wsas03
phx01__episode_date
qids01_w0sr__qstot
interview_age
qids01_w0c__qstot
hrsd01__hdtot_r
sfhs01__mcs12
wsas01__wsas01
wsas01__wsas04
dm01_w0__totincom
qids01_w2c__vintr
phx01__dage
qids01_w2c__vcntr
qids01_w2c__vsoin
dm01_enroll__educat
dm01_enroll__resm
qids01_w2sr__vvwsf
dm01_w0__mempl
imput_gibbons

Raw results:----------------------------------------
Accuracies
[0.69920635 0.69960317 0.6968254  0.69603175 0.6984127  0.69761905
 0.70119048 0.70436508 0.69880952 0.70396825 0.69722222 0.69920635
 0.70039683 0.69642857 0.70039683 0.69920635 0.69960317 0.70119048
 0.69206349 0.6968254  0.69365079 0.69880952 0.69880952 0.69444444
 0.69960317 0.69920635 0.70357143 0.70277778 0.7        0.70079365
 0.70119048 0.69960317 0.69801587 0.69960317 0.69801587 0.69761905
 0.7        0.70277778 0.69642857 0.69761905 0.6984127  0.69761905
 0.7        0.69722222 0.7        0.69761905 0.70039683 0.69404762
 0.69722222 0.70079365 0.69722222 0.70039683 0.69404762 0.69801587
 0.70079365 0.69920635 0.69722222 0.7015873  0.6984127  0.69761905
 0.70079365 0.7        0.69920635 0.70039683 0.69325397 0.69603175
 0.6968254  0.70277778 0.6984127  0.70079365 0.70039683 0.69920635
 0.69960317 0.70039683 0.7        0.69722222 0.69801587 0.69960317
 0.69603175 0.69920635 0.69761905 0.7        0.7        0.6984127
 0.6952381  0.69920635 0.6984127  0.69801587 0.70198413 0.7015873
 0.70039683 0.69642857 0.69960317 0.70079365 0.69722222 0.7031746
 0.70039683 0.7031746  0.7        0.69722222]
Balanced Accuracies
[0.72896343 0.72957698 0.72692624 0.72506521 0.73101727 0.72704569
 0.73001016 0.73531531 0.72940551 0.73402    0.72808525 0.72918286
 0.72964578 0.72521304 0.72841943 0.73065743 0.72881488 0.72885664
 0.72101386 0.72545093 0.72344604 0.72691204 0.72720357 0.72520816
 0.73001792 0.72942276 0.73325849 0.73057726 0.72625721 0.72719783
 0.73115548 0.72721883 0.72673908 0.7275188  0.72732976 0.72534208
 0.73155098 0.73020797 0.72554004 0.72535021 0.72578881 0.726109
 0.72956736 0.72758401 0.72890041 0.72515138 0.730216   0.7203915
 0.72719564 0.72804938 0.72762208 0.72827867 0.72466965 0.72803452
 0.73087351 0.7304453  0.72683443 0.72926961 0.72793817 0.72623292
 0.73011957 0.72700656 0.72761801 0.72701594 0.72094231 0.72599456
 0.72690431 0.73200277 0.72829703 0.72702301 0.72854758 0.72862288
 0.72805455 0.72973576 0.72995101 0.72492732 0.72505729 0.72856342
 0.72716056 0.72609628 0.72682434 0.7285534  0.72956263 0.72871017
 0.7245925  0.72916258 0.72723195 0.72771446 0.73126274 0.72879894
 0.72794071 0.72900668 0.73040035 0.72968584 0.72486632 0.73356458
 0.7284205  0.73287305 0.72516278 0.72516632]
Sensitivites
[0.79545527 0.79709759 0.79463093 0.79187886 0.80060864 0.79361412
 0.79362653 0.80424197 0.79782882 0.80164386 0.79818491 0.79574858
 0.79367581 0.79057369 0.79270092 0.80056007 0.79387391 0.7923928
 0.78619931 0.78992348 0.79013682 0.79006851 0.79108274 0.79358283
 0.79873686 0.79665896 0.80038228 0.79305933 0.78773667 0.78824214
 0.80014402 0.79225671 0.79050996 0.79125791 0.79428603 0.78693461
 0.80172193 0.79351822 0.79083614 0.7873468  0.78675534 0.78922298
 0.79703025 0.79524342 0.79406364 0.78656483 0.79670227 0.78141609
 0.79352571 0.79023181 0.79600201 0.79010038 0.79234904 0.79732297
 0.79892831 0.80143971 0.79370904 0.79406664 0.79517892 0.78952287
 0.79689572 0.7885434  0.79239007 0.78750497 0.78380093 0.79399405
 0.7925975  0.79812597 0.79384975 0.7879111  0.79105283 0.7945543
 0.79282689 0.79554866 0.79583092 0.78653627 0.78545749 0.79281542
 0.79597769 0.78700149 0.79074615 0.79023975 0.79408287 0.79688294
 0.79084709 0.79697346 0.79277923 0.79575135 0.79727595 0.79074156
 0.7908408  0.79922753 0.79814968 0.79473386 0.78722314 0.80038214
 0.79130082 0.79952894 0.78311466 0.78888561]
Specificities
[0.66247158 0.66205637 0.65922155 0.65825157 0.6614259  0.66047727
 0.66639379 0.66638866 0.66098219 0.66639615 0.65798559 0.66261715
 0.66561575 0.65985238 0.66413794 0.66075479 0.66375585 0.66532047
 0.65582841 0.66097839 0.65675525 0.66375557 0.66332439 0.65683348
 0.66129897 0.66218656 0.6661347  0.6680952  0.66477775 0.66615352
 0.66216694 0.66218096 0.66296821 0.66377969 0.66037349 0.66374955
 0.66138002 0.66689771 0.66024395 0.66335362 0.66482227 0.66299501
 0.66210446 0.6599246  0.66373717 0.66373792 0.66372973 0.65936691
 0.66086557 0.66586696 0.65924214 0.66645697 0.65699025 0.65874608
 0.66281872 0.6594509  0.65995982 0.66447258 0.66069742 0.66294297
 0.66334342 0.66546972 0.66284596 0.6665269  0.65808369 0.65799508
 0.66121111 0.66587957 0.66274432 0.66613492 0.66604233 0.66269147
 0.66328221 0.66392285 0.66407109 0.66331836 0.66465709 0.66431141
 0.65834342 0.66519107 0.66290254 0.66686704 0.6650424  0.66053741
 0.6583379  0.66135169 0.66168468 0.65967756 0.66524953 0.66685631
 0.66504062 0.65878582 0.66265102 0.66463781 0.66250949 0.66674701
 0.66554019 0.66621715 0.6672109  0.66144702]
Precisions
[0.4758235  0.47504172 0.47320797 0.4720391  0.47684651 0.47550798
 0.4788224  0.4817948  0.47573699 0.48002686 0.47428917 0.47621947
 0.47744634 0.47350029 0.47677464 0.47598026 0.47533358 0.47738248
 0.46808854 0.47438343 0.46969637 0.47555741 0.47528654 0.47142487
 0.47557957 0.47627729 0.48148722 0.48015013 0.47538889 0.4765219
 0.47655481 0.47405135 0.47465643 0.4747328  0.47478073 0.47285746
 0.47680622 0.47833039 0.47263964 0.47550289 0.47499141 0.47415347
 0.47575659 0.47325077 0.47535409 0.4728578  0.47696244 0.46918761
 0.47456057 0.47754759 0.47441305 0.47760776 0.47113312 0.47407213
 0.4778597  0.47590461 0.47329991 0.47735129 0.47428608 0.47374781
 0.47779131 0.47491376 0.47657835 0.47574547 0.46724678 0.47173097
 0.47321288 0.47933267 0.47350399 0.47554339 0.47575691 0.47608039
 0.47518453 0.47698709 0.47744603 0.47426687 0.47435864 0.47700899
 0.47213212 0.47493716 0.47393097 0.47883432 0.4778295  0.47533053
 0.47217516 0.47572292 0.47632957 0.47424844 0.47852113 0.47708457
 0.47658932 0.47419218 0.47687158 0.47787256 0.47338732 0.48100942
 0.47655896 0.48021596 0.47593045 0.47432821]
F1s
[0.5943953  0.59368276 0.59219752 0.59071004 0.59472285 0.59399801
 0.59551437 0.60174583 0.59508105 0.59921955 0.59434151 0.59374141
 0.59443018 0.59131152 0.5942498  0.59627006 0.59288687 0.59490805
 0.58612131 0.59181052 0.58769265 0.5927581  0.59275429 0.58954461
 0.59447021 0.59496781 0.60020802 0.59710686 0.59180055 0.59353075
 0.59635341 0.59185682 0.59084275 0.59241886 0.59284494 0.58911634
 0.59642006 0.59649168 0.58989104 0.59130224 0.59079466 0.59096719
 0.59513859 0.59261238 0.59361476 0.58898184 0.59549753 0.58576092
 0.59295793 0.59414573 0.59331207 0.59410085 0.58895815 0.59376497
 0.59757006 0.59691369 0.59234105 0.59555929 0.59353476 0.59059333
 0.59615313 0.59204815 0.59455142 0.59214763 0.58338804 0.59108448
 0.59059809 0.59795892 0.59068691 0.59192928 0.59135921 0.59445442
 0.59360938 0.5946937  0.59515802 0.59051047 0.58984079 0.59426692
 0.59128044 0.59105458 0.59151116 0.59354592 0.59425442 0.5951305
 0.59050787 0.59425835 0.5941287  0.59302608 0.59727379 0.59471311
 0.59350332 0.59297136 0.59434792 0.59579812 0.59049017 0.59907557
 0.59440847 0.59894287 0.59108591 0.59154708]
Number of features used
[460.65       460.67333333 460.77666667 460.69       460.32666667
 460.97666667 460.64       460.71666667 460.5        460.55666667
 460.60333333 461.01333333 460.64333333 460.56333333 460.49
 460.66       460.64333333 460.69666667 460.47       460.89333333
 460.76333333 460.82666667 460.84       460.55       460.57
 460.80333333 460.81       460.70666667 460.52666667 460.68333333
 460.56333333 460.72333333 460.98       460.73333333 460.44
 460.74666667 460.86       460.66333333 460.49       460.55
 460.68       460.77666667 460.83       460.85       460.8
 460.75666667 460.52666667 460.66       461.05666667 460.56
 460.33333333 460.61333333 460.66       460.84333333 460.65333333
 460.55       460.62666667 460.74       460.89       460.81333333
 460.71333333 460.78333333 460.46666667 460.72666667 460.65
 460.72666667 460.55       460.64       460.68333333 460.89666667
 460.56333333 460.56333333 460.39       460.84       460.62333333
 460.78666667 460.55666667 460.77       460.92666667 460.77333333
 460.53666667 460.67666667 460.91       460.81333333 460.65666667
 460.6        460.7        460.47       460.60333333 460.69666667
 460.51       460.85666667 460.9        460.83333333 460.35333333
 460.92666667 460.64666667 460.53       460.67666667 460.74      ]
Mean Feature importances Across Runs
[1.3171e-03,1.3137e-03,7.8753e-03,1.4315e-03,1.9082e-03,7.1742e-04,1.8373e-03,1.9087e-03,1.3183e-03
,6.3161e-04,1.3927e-03,2.2965e-03,1.8300e-03,1.7909e-03,1.6087e-03,1.2566e-03,1.4787e-03,1.0235e-03
,1.1629e-04,3.5221e-03,1.1559e-03,1.6871e-03,1.9424e-05,9.9477e-04,2.3001e-03,7.5773e-04,7.7144e-04
,5.0173e-07,0.0000e+00,6.3485e-03,9.9175e-04,3.1774e-03,1.6548e-03,3.5629e-03,6.4140e-03,1.3851e-03
,1.7336e-03,1.8350e-03,3.6766e-03,1.3261e-03,3.9786e-04,5.8104e-04,1.2097e-03,1.9372e-04,3.6511e-05
,0.0000e+00,6.3790e-05,6.0218e-04,1.1882e-03,1.0462e-03,1.0184e-03,5.7368e-04,1.0225e-03,5.3861e-04
,8.1248e-04,4.3114e-04,7.6106e-04,7.1978e-04,3.8371e-03,7.3366e-04,4.6044e-04,7.5732e-04,9.3421e-04
,1.3083e-04,8.7165e-04,5.7416e-04,5.7633e-04,6.1764e-04,5.8346e-04,6.8930e-04,6.5399e-04,1.4791e-03
,1.4492e-03,9.2231e-04,6.1857e-03,7.9749e-04,1.7331e-03,3.8263e-04,6.0011e-04,7.0524e-04,1.4869e-03
,7.4119e-03,1.8176e-03,1.6447e-03,1.7556e-03,2.1084e-03,2.7019e-03,8.4269e-04,1.5658e-03,1.3471e-03
,2.4197e-03,2.1554e-03,2.0804e-03,2.2442e-03,2.1083e-03,1.4978e-03,1.9134e-03,1.8287e-03,1.7154e-03
,7.7257e-03,3.2292e-03,2.1140e-03,2.2397e-03,1.5121e-03,1.8884e-03,2.8977e-03,1.9959e-03,2.2729e-03
,2.7439e-03,2.0095e-03,8.8990e-04,2.2319e-03,1.9270e-03,1.5746e-03,1.7862e-03,1.4989e-03,2.2037e-03
,2.1372e-03,2.2765e-03,1.9440e-03,2.6030e-03,3.5545e-03,2.4813e-03,2.1031e-03,1.4576e-03,2.3319e-03
,2.5609e-03,2.4495e-03,1.8104e-03,2.1246e-03,2.2022e-03,7.8287e-04,5.0898e-04,9.6610e-04,1.1370e-03
,8.0160e-04,6.2923e-04,6.7339e-04,8.8856e-04,8.1030e-04,9.6019e-04,9.0919e-04,1.1006e-03,7.2446e-04
,8.9346e-04,8.4146e-04,9.0292e-04,7.6207e-04,8.6337e-04,9.6251e-04,8.5664e-04,9.4370e-04,1.0314e-03
,6.1802e-04,9.4323e-04,1.3374e-03,1.0722e-03,1.5496e-03,1.1106e-03,1.5712e-03,1.1050e-03,1.2240e-03
,1.1967e-03,1.4345e-03,1.1055e-03,1.0502e-03,9.7032e-04,9.5681e-04,9.1353e-04,1.0118e-03,9.2235e-04
,9.5196e-04,1.2304e-03,9.6318e-04,8.7169e-04,1.0300e-03,9.9499e-04,8.6447e-04,8.3055e-04,9.0294e-04
,9.0380e-04,7.5174e-04,8.4666e-04,8.3085e-04,7.0389e-04,4.4843e-04,1.0333e-03,6.3141e-04,9.6568e-04
,1.0720e-03,7.2982e-04,8.8234e-04,5.5122e-04,9.1026e-04,5.8551e-04,8.7878e-04,1.0233e-03,1.2171e-03
,9.6538e-04,1.0917e-03,1.1098e-03,1.4763e-03,9.3889e-04,8.2548e-04,7.9313e-04,7.0359e-04,7.8730e-04
,8.3209e-04,8.0365e-04,7.6613e-04,8.6781e-04,3.8957e-04,2.3000e-04,2.9006e-04,5.2263e-04,1.3009e-03
,9.7684e-04,1.6581e-03,1.2028e-03,8.7107e-04,1.3827e-03,9.8959e-04,8.1850e-04,4.4196e-04,9.7618e-04
,9.9916e-04,9.4841e-04,9.7838e-04,9.3887e-04,1.1699e-03,1.0402e-03,9.2518e-04,9.6098e-04,7.0655e-04
,8.0908e-04,9.1248e-04,9.1689e-04,8.6059e-04,1.0746e-03,1.0895e-03,9.6223e-04,7.2179e-04,5.3754e-04
,4.2870e-04,7.5904e-04,6.4965e-04,5.0060e-04,4.0550e-04,3.1684e-04,3.0007e-04,5.5975e-04,3.2848e-04
,2.7979e-04,1.3408e-03,9.7430e-04,9.7964e-04,9.2174e-04,8.7823e-04,8.7278e-04,8.7270e-04,9.0691e-04
,8.5421e-04,1.0567e-03,1.1003e-03,1.6483e-03,8.9656e-04,6.3698e-04,7.4910e-04,1.1729e-03,1.0968e-03
,6.5812e-04,6.8184e-04,6.4374e-04,7.0273e-03,3.9803e-03,8.8307e-03,1.0044e-03,3.0780e-04,3.1814e-04
,7.6734e-05,5.7291e-04,1.1609e-04,7.2857e-04,5.8810e-04,2.3474e-04,9.9455e-04,9.9601e-04,8.3064e-04
,7.6886e-05,7.0809e-05,4.8373e-05,0.0000e+00,7.8942e-05,1.5587e-04,9.7858e-04,1.1000e-03,1.0996e-03
,6.6966e-04,5.9911e-04,4.2813e-04,4.5438e-04,1.5571e-04,9.8970e-04,9.7113e-04,7.6456e-04,4.2925e-04
,9.2543e-04,5.1031e-04,7.4947e-04,5.8434e-04,3.8937e-04,2.4900e-04,1.8383e-04,3.2118e-05,1.1895e-03
,1.6615e-06,0.0000e+00,0.0000e+00,0.0000e+00,5.1717e-04,3.3866e-04,2.9983e-05,9.0510e-05,1.2981e-04
,8.8344e-05,3.9431e-05,7.4312e-05,7.3916e-05,1.4058e-04,2.7302e-03,2.1108e-03,2.3033e-03,1.4544e-03
,2.0429e-03,1.8899e-03,1.4253e-03,1.7604e-03,1.6047e-03,2.4934e-03,2.0369e-03,2.0512e-03,1.8520e-03
,1.9208e-03,1.6551e-03,1.7487e-03,7.7972e-03,2.8328e-03,2.2379e-03,2.4093e-03,1.7693e-03,2.2096e-03
,1.9844e-03,1.5610e-03,1.8215e-03,1.7489e-03,2.4093e-03,2.1688e-03,1.7905e-03,2.4241e-03,2.6848e-03
,2.1563e-03,2.4996e-03,8.2585e-03,6.6043e-03,4.0239e-03,2.9280e-03,1.7583e-03,1.5902e-02,2.5874e-03
,1.2546e-03,1.6882e-03,1.3320e-03,6.6620e-03,4.5698e-03,2.2427e-03,7.1599e-03,9.0197e-03,2.9286e-03
,2.3822e-03,2.7036e-02,4.7314e-03,3.6271e-03,3.6050e-03,1.6914e-03,9.5133e-03,2.3281e-03,1.2160e-03
,1.8410e-03,1.3721e-03,3.4152e-03,6.2902e-03,2.2867e-03,3.9277e-03,5.3873e-03,4.0233e-03,3.4724e-03
,1.7543e-02,2.7369e-03,2.3094e-03,3.1249e-03,2.6041e-03,3.3778e-03,4.3388e-03,2.6772e-03,3.3457e-03
,2.6367e-03,3.5973e-03,3.6964e-03,5.3437e-03,3.5225e-03,2.5391e-03,3.0575e-03,2.5282e-03,1.4924e-02
,3.7641e-03,3.8271e-03,3.6316e-03,1.9785e-03,1.9570e-03,5.1663e-04,8.3136e-04,5.1208e-03,2.8478e-03
,2.6192e-03,2.7849e-03,4.7114e-03,1.4399e-02,7.7124e-03,3.7437e-03,4.3552e-03,4.5135e-03,9.0600e-04
,9.7708e-04,3.3565e-03,8.9900e-04,6.9928e-04,2.0184e-04,1.1057e-03,5.2901e-04,3.3420e-04,4.5812e-04
,9.6662e-05,9.8752e-05,2.0952e-04,3.0565e-04,6.6608e-04,1.2420e-03,1.1776e-03,2.8159e-03,1.0605e-03
,2.6972e-03,1.3211e-03,5.8314e-03,2.7675e-03,4.9500e-03,5.0107e-03,2.8141e-03,4.9760e-03,2.7602e-03
,4.9540e-03,3.6901e-03,7.4968e-03,4.8344e-03,8.8836e-03,7.4465e-03,5.2614e-03,1.3114e-02,1.4064e-03
,4.4706e-03,4.7720e-03,5.2306e-03,5.8942e-03,5.0399e-03,4.0902e-03,4.8197e-03,4.3436e-03,5.0018e-03
,2.1185e-02,1.7005e-02,1.9560e-02]
Mean Feature importances std. deviation Across Runs
[2.5862e-05,2.8152e-05,5.9709e-05,3.0294e-05,3.5682e-05,1.7489e-05,2.9853e-05,3.1182e-05,2.5387e-05
,1.8878e-05,2.4807e-05,3.2805e-05,3.1875e-05,3.2309e-05,2.2870e-05,3.0399e-05,2.6348e-05,1.9300e-05
,5.8302e-06,1.0329e-04,2.5237e-05,3.5080e-05,2.3480e-06,2.4070e-05,6.5659e-05,2.3653e-05,2.2831e-05
,3.7172e-07,0.0000e+00,5.7555e-05,1.8828e-05,3.6775e-05,2.3960e-05,4.1679e-05,6.7190e-05,2.9606e-05
,2.2734e-05,2.9025e-05,3.9562e-05,2.6547e-05,1.0524e-05,1.4265e-05,2.7204e-05,8.2020e-06,3.8947e-06
,0.0000e+00,4.4551e-06,1.5579e-05,2.6749e-05,2.4074e-05,2.2039e-05,1.5463e-05,2.1154e-05,1.6923e-05
,1.6721e-05,1.3573e-05,1.7178e-05,1.9564e-05,9.5490e-05,1.6359e-05,1.4185e-05,2.2791e-05,2.2867e-05
,9.1423e-06,1.8660e-05,1.5633e-05,1.4035e-05,1.5237e-05,1.4497e-05,1.6833e-05,1.6023e-05,3.6950e-05
,3.2502e-05,1.8563e-05,7.8223e-05,1.9484e-05,2.9171e-05,1.2220e-05,1.5584e-05,1.7204e-05,2.9888e-05
,7.6902e-05,3.6738e-05,3.1079e-05,2.7879e-05,3.1488e-05,3.7246e-05,2.1410e-05,2.6333e-05,1.9685e-05
,3.4802e-05,3.2214e-05,2.8753e-05,3.7252e-05,2.9758e-05,3.5545e-05,3.5868e-05,2.7598e-05,2.3506e-05
,1.1475e-04,5.8338e-05,2.7280e-05,4.1981e-05,2.6122e-05,3.4145e-05,4.2831e-05,3.1429e-05,3.3406e-05
,4.1369e-05,3.0536e-05,1.7922e-05,3.2812e-05,3.0401e-05,2.5155e-05,2.5037e-05,2.6780e-05,3.1385e-05
,3.2300e-05,2.2525e-05,3.2445e-05,3.8206e-05,6.5123e-05,3.5697e-05,3.2679e-05,2.4692e-05,3.7883e-05
,3.4077e-05,4.1816e-05,2.7932e-05,2.6991e-05,3.1613e-05,1.9918e-05,1.3084e-05,1.9119e-05,2.3141e-05
,2.0184e-05,1.6559e-05,1.5802e-05,2.0197e-05,1.8083e-05,1.9949e-05,2.0139e-05,2.5599e-05,1.9568e-05
,1.8490e-05,2.1029e-05,1.8859e-05,1.8061e-05,2.1924e-05,2.1362e-05,1.8197e-05,2.1530e-05,2.1165e-05
,1.7720e-05,2.0972e-05,3.0201e-05,2.5309e-05,3.5739e-05,2.7877e-05,3.5349e-05,2.4467e-05,2.7817e-05
,2.6325e-05,3.0881e-05,2.4510e-05,2.5952e-05,2.3077e-05,2.1935e-05,2.0808e-05,2.2019e-05,1.8631e-05
,2.1639e-05,3.1983e-05,2.1970e-05,1.8911e-05,2.4496e-05,2.5504e-05,1.8047e-05,1.7949e-05,1.7933e-05
,1.9934e-05,1.5861e-05,1.7555e-05,1.9294e-05,1.5961e-05,1.3245e-05,2.0826e-05,1.5296e-05,2.4148e-05
,2.7222e-05,1.5773e-05,2.4702e-05,1.6367e-05,2.2719e-05,1.3507e-05,1.8311e-05,2.6365e-05,3.3902e-05
,2.0938e-05,2.6462e-05,2.8895e-05,3.8823e-05,2.2093e-05,1.8434e-05,1.9539e-05,1.8130e-05,1.5929e-05
,1.8851e-05,1.7200e-05,1.7833e-05,2.0357e-05,1.1278e-05,8.9632e-06,1.0545e-05,1.5913e-05,3.8900e-05
,2.3594e-05,4.5834e-05,3.4355e-05,1.9402e-05,3.3296e-05,2.3549e-05,1.7760e-05,1.3531e-05,2.0038e-05
,2.5045e-05,1.8183e-05,1.7741e-05,2.0181e-05,2.7419e-05,2.2385e-05,1.9236e-05,2.1725e-05,1.7635e-05
,1.8913e-05,2.2318e-05,1.9263e-05,1.6512e-05,2.2586e-05,2.6805e-05,2.0388e-05,1.7706e-05,1.5876e-05
,1.2338e-05,1.7465e-05,1.5748e-05,1.4707e-05,1.1335e-05,1.2100e-05,1.1798e-05,1.5965e-05,1.1352e-05
,1.0381e-05,3.1925e-05,2.0204e-05,2.2026e-05,2.1357e-05,1.8803e-05,1.8086e-05,1.8957e-05,1.9800e-05
,2.0419e-05,2.6044e-05,2.4302e-05,4.1766e-05,2.4021e-05,1.6942e-05,1.7251e-05,2.4400e-05,2.9281e-05
,1.6581e-05,1.9164e-05,1.9365e-05,6.7419e-05,4.5827e-05,7.2164e-05,2.2185e-05,1.1979e-05,1.2088e-05
,5.5882e-06,1.7813e-05,8.3666e-06,2.0940e-05,1.3696e-05,9.3158e-06,1.9290e-05,2.2158e-05,1.8931e-05
,5.4553e-06,5.1847e-06,5.4166e-06,0.0000e+00,5.9676e-06,7.2282e-06,2.0514e-05,2.2072e-05,1.9847e-05
,1.7704e-05,1.5292e-05,1.2588e-05,1.4679e-05,7.3094e-06,2.1097e-05,1.9777e-05,1.6215e-05,1.3847e-05
,2.0352e-05,1.4253e-05,1.9177e-05,1.6176e-05,1.3097e-05,9.3733e-06,8.9847e-06,3.5785e-06,2.8666e-05
,6.4351e-07,0.0000e+00,0.0000e+00,0.0000e+00,1.9601e-05,1.0549e-05,3.0881e-06,6.4978e-06,6.5712e-06
,7.4011e-06,4.7164e-06,4.4138e-06,5.9311e-06,7.4000e-06,4.3904e-05,3.0398e-05,3.6301e-05,2.1745e-05
,4.3447e-05,3.1444e-05,2.3668e-05,2.7648e-05,2.4857e-05,4.0287e-05,2.9258e-05,3.1377e-05,2.9793e-05
,3.2551e-05,2.8418e-05,2.6368e-05,1.3355e-04,4.8750e-05,3.5283e-05,4.0029e-05,2.7257e-05,3.8653e-05
,3.0146e-05,2.2414e-05,3.0468e-05,3.0507e-05,3.3987e-05,3.0806e-05,2.8521e-05,3.4901e-05,4.1789e-05
,3.1921e-05,3.4857e-05,1.1776e-04,1.2584e-04,7.1422e-05,5.0890e-05,2.6768e-05,2.9373e-04,5.4818e-05
,2.5010e-05,2.5637e-05,2.1347e-05,1.3330e-04,9.1649e-05,5.1795e-05,1.4836e-04,2.0435e-04,7.1003e-05
,4.0515e-05,3.4494e-04,8.6353e-05,7.1894e-05,7.4684e-05,2.8462e-05,2.0898e-04,3.2493e-05,2.1717e-05
,2.8016e-05,2.6450e-05,7.4632e-05,1.0959e-04,5.1946e-05,7.2759e-05,1.0646e-04,1.0752e-04,7.2961e-05
,2.1400e-04,4.5181e-05,4.4291e-05,6.1206e-05,3.8616e-05,5.2009e-05,6.8434e-05,4.1357e-05,6.8673e-05
,3.4149e-05,6.7509e-05,5.9713e-05,9.6334e-05,5.4385e-05,4.6239e-05,4.3968e-05,5.0577e-05,2.0811e-04
,6.0158e-05,9.3785e-05,8.3830e-05,5.7974e-05,5.5323e-05,1.5098e-05,2.3169e-05,9.1788e-05,5.0082e-05
,3.2755e-05,3.9219e-05,8.6835e-05,1.6740e-04,7.1189e-05,4.1061e-05,5.1357e-05,6.8709e-05,1.7404e-05
,1.7411e-05,4.0287e-05,2.1649e-05,1.4934e-05,8.1867e-06,2.5472e-05,1.3088e-05,1.1202e-05,1.4266e-05
,7.6932e-06,6.0533e-06,7.6557e-06,1.0449e-05,1.7634e-05,2.4324e-05,2.8498e-05,3.6112e-05,2.9209e-05
,3.4629e-05,2.4634e-05,7.5543e-05,4.0170e-05,6.2321e-05,6.0689e-05,4.4520e-05,8.6787e-05,3.5013e-05
,6.8568e-05,4.4761e-05,1.2292e-04,8.7628e-05,1.3793e-04,1.2593e-04,7.3020e-05,1.7310e-04,3.2353e-05
,5.6534e-05,6.4473e-05,7.1490e-05,7.6441e-05,8.2190e-05,5.8522e-05,5.8830e-05,6.0838e-05,8.0409e-05
,3.0452e-04,2.1911e-04,2.0257e-04]
