MODEL RESULTS for run at: rf_2_full_20200201-205135.txt

Model Parameters:-----------------------------------
Model: rf
Feature selection: full
X is: C:\Users\jjnun\Documents\Sync\Research\1_CANBIND Replication\teyden-git\data\final_datasets\to_run_20201016\1_Replication\X_lvl2_rem_qids01__final.csv
y is: C:\Users\jjnun\Documents\Sync\Research\1_CANBIND Replication\teyden-git\data\final_datasets\to_run_20201016\1_Replication\y_lvl2_rem_qids01__final.csv
2 runs of 10-fold CV

Summary of Results:------------------------------------
Mean accuracy is: 0.6986, with Standard Deviation: 0.000595
Mean balanced accuracy is: 0.7272, with Standard Deviation: 0.000830
Mean sensitivty is: 0.7916, with Standard Deviation: 0.001931
Mean specificty is: 0.6628, with Standard Deviation: 0.000271
Mean precision is: 0.4750, with Standard Deviation: 0.000322
Mean f1 is: 0.5928, with Standard Deviation: 0.0009
Mean number of features used is: 460.6400, with Standard Deviation: 0.1200

Feature Importance And Use:---------------------------
Top 30 Features by importance, in descending order (1st most important):
By position in data matrix, 1 added to skip index=0 
[317 318 319  29  46 292  28 316  23 314 322  45 326 291 328  47 290 327
 289 293 280 323 325 442 443  19 282 324  64 329]
phx01__bulimia||2/5
phx01__bulimia||3
phx01__bulimia||4
ccv01_w2__trtmt||4.0
dm01_enroll__resid||7.0
phx01__pd_paran
ccv01_w2__trtmt||3.0
phx01__anorexia
ccv01_w2__cncn
phx01__suicchld
phx01__amphet||1.0
dm01_enroll__resid||6.0
phx01__opioid||1.0
phx01__pd_antis
phx01__ax_cocaine||1.0
dm01_enroll__resid||8.0
phx01__pd_depend
phx01__opioid||2.0
phx01__pd_border
phx01__pd_nos
phx01__specphob
phx01__amphet||2.0
phx01__cannibis||2.0
ucq01__ucq140
ucq01__ucq150
ccv01_w2__suicd
phx01__ocd_phx
phx01__cannibis||1.0
dm01_enroll__volun||1.0
phx01__ax_cocaine||2.0

Raw results:----------------------------------------
Accuracies
[0.69920635 0.69801587]
Balanced Accuracies
[0.7280316  0.72637209]
Sensitivites
[0.79354982 0.78968867]
Specificities
[0.66251337 0.66305551]
Precisions
[0.47531579 0.47467256]
F1s
[0.59366065 0.59187819]
Number of features used
[460.76 460.52]
Mean Feature importances Across Runs
[1.3144e-03,1.3037e-03,7.8038e-03,1.4398e-03,1.9161e-03,7.3162e-04,1.8584e-03,1.9246e-03,1.3125e-03
,6.3498e-04,1.4020e-03,2.2630e-03,1.7892e-03,1.8122e-03,1.5826e-03,1.2361e-03,1.4736e-03,1.0280e-03
,1.1833e-04,3.4988e-03,1.1777e-03,1.6450e-03,1.9758e-05,1.0083e-03,2.3392e-03,7.3609e-04,7.7240e-04
,7.2086e-07,0.0000e+00,6.3465e-03,9.9854e-04,3.2583e-03,1.6761e-03,3.5564e-03,6.4303e-03,1.3694e-03
,1.7384e-03,1.8267e-03,3.5988e-03,1.3158e-03,3.8963e-04,5.8785e-04,1.2223e-03,1.9617e-04,3.3319e-05
,0.0000e+00,6.7772e-05,6.0567e-04,1.2075e-03,1.0300e-03,1.0225e-03,5.7360e-04,1.0513e-03,5.6525e-04
,8.2286e-04,4.3449e-04,7.7909e-04,7.2344e-04,3.7573e-03,7.3058e-04,4.5791e-04,7.6458e-04,9.2034e-04
,1.3049e-04,8.8162e-04,5.6211e-04,5.6694e-04,6.2736e-04,5.6365e-04,7.0278e-04,6.5639e-04,1.4707e-03
,1.4634e-03,9.1486e-04,6.2196e-03,7.9418e-04,1.7134e-03,3.7464e-04,5.9888e-04,6.9942e-04,1.4979e-03
,7.5256e-03,1.8188e-03,1.6203e-03,1.7767e-03,2.1066e-03,2.7047e-03,8.4472e-04,1.6017e-03,1.3990e-03
,2.4089e-03,2.1467e-03,2.0727e-03,2.2883e-03,2.1090e-03,1.5005e-03,1.8829e-03,1.8345e-03,1.7015e-03
,7.8284e-03,3.2528e-03,2.1088e-03,2.2531e-03,1.5088e-03,1.9045e-03,2.9094e-03,2.0150e-03,2.2970e-03
,2.7463e-03,1.9964e-03,8.9732e-04,2.2285e-03,1.9381e-03,1.5876e-03,1.7788e-03,1.5129e-03,2.1852e-03
,2.1518e-03,2.2559e-03,1.9501e-03,2.6299e-03,3.5510e-03,2.5084e-03,2.0724e-03,1.4482e-03,2.2878e-03
,2.5789e-03,2.4657e-03,1.8466e-03,2.1476e-03,2.1975e-03,7.8199e-04,4.9615e-04,9.8773e-04,1.1505e-03
,8.0942e-04,6.3163e-04,6.6262e-04,8.7612e-04,8.2035e-04,9.7221e-04,9.1120e-04,1.0838e-03,7.2739e-04
,8.8358e-04,8.4027e-04,8.9077e-04,7.7581e-04,8.7185e-04,9.5817e-04,8.6996e-04,9.5851e-04,1.0746e-03
,6.2805e-04,9.4902e-04,1.3236e-03,1.0735e-03,1.6207e-03,1.1128e-03,1.6272e-03,1.1097e-03,1.2070e-03
,1.2092e-03,1.4474e-03,1.1118e-03,1.0608e-03,9.7740e-04,9.7032e-04,9.4294e-04,1.0208e-03,9.1297e-04
,9.1967e-04,1.2374e-03,9.5651e-04,8.7702e-04,1.0520e-03,1.0233e-03,8.6529e-04,8.5580e-04,8.9859e-04
,8.8979e-04,7.2842e-04,8.4209e-04,8.4900e-04,6.8847e-04,4.4891e-04,1.0519e-03,6.5098e-04,9.5681e-04
,1.0605e-03,7.2258e-04,8.6146e-04,5.4746e-04,9.0304e-04,5.8005e-04,8.9132e-04,1.0041e-03,1.2497e-03
,9.5687e-04,1.1140e-03,1.0896e-03,1.4908e-03,9.3194e-04,8.4422e-04,8.0913e-04,6.8711e-04,7.8138e-04
,8.1387e-04,8.1670e-04,7.5986e-04,8.8946e-04,3.9533e-04,2.2240e-04,2.9322e-04,5.2379e-04,1.3359e-03
,9.6566e-04,1.7038e-03,1.2259e-03,8.6629e-04,1.3671e-03,9.9103e-04,8.1338e-04,4.4290e-04,9.7993e-04
,9.8854e-04,9.5249e-04,9.5241e-04,9.5990e-04,1.1775e-03,1.0549e-03,9.2192e-04,9.6451e-04,6.7926e-04
,8.4218e-04,9.0761e-04,9.0938e-04,8.6124e-04,1.0789e-03,1.0725e-03,9.8657e-04,7.0682e-04,5.2338e-04
,4.1976e-04,7.7217e-04,6.4911e-04,4.8704e-04,4.1734e-04,3.2737e-04,2.9050e-04,5.6539e-04,3.3199e-04
,2.8096e-04,1.3347e-03,9.6334e-04,9.6522e-04,9.3509e-04,8.6189e-04,8.9482e-04,8.7520e-04,9.2564e-04
,8.4714e-04,1.0949e-03,1.0981e-03,1.6740e-03,8.8824e-04,6.4324e-04,7.3741e-04,1.1602e-03,1.0984e-03
,6.5085e-04,6.6821e-04,6.3276e-04,7.0390e-03,3.9998e-03,8.9243e-03,9.8345e-04,3.0304e-04,3.1645e-04
,8.4005e-05,5.6388e-04,1.1874e-04,7.4215e-04,5.8634e-04,2.3125e-04,9.9087e-04,9.9373e-04,8.2547e-04
,7.9041e-05,7.0978e-05,4.9667e-05,0.0000e+00,8.2030e-05,1.5394e-04,9.7945e-04,1.1091e-03,1.1052e-03
,6.5111e-04,5.8966e-04,4.2696e-04,4.4402e-04,1.5853e-04,9.8817e-04,9.9113e-04,7.3888e-04,4.1681e-04
,9.4108e-04,5.0320e-04,7.4074e-04,6.0401e-04,3.9121e-04,2.5447e-04,1.8571e-04,3.0951e-05,1.1805e-03
,1.9978e-06,0.0000e+00,0.0000e+00,0.0000e+00,5.1549e-04,3.5336e-04,3.1253e-05,8.5906e-05,1.2966e-04
,8.6486e-05,3.9373e-05,7.5693e-05,6.7600e-05,1.5002e-04,2.7380e-03,2.1075e-03,2.3133e-03,1.4315e-03
,2.0896e-03,1.9201e-03,1.4180e-03,1.7293e-03,1.6210e-03,2.5005e-03,2.0249e-03,2.0326e-03,1.8922e-03
,1.9300e-03,1.6811e-03,1.7414e-03,7.8253e-03,2.8263e-03,2.2793e-03,2.3711e-03,1.7832e-03,2.1509e-03
,1.9759e-03,1.5754e-03,1.8110e-03,1.7365e-03,2.3865e-03,2.1519e-03,1.7889e-03,2.4163e-03,2.6460e-03
,2.1196e-03,2.4521e-03,8.2215e-03,6.6847e-03,4.1262e-03,2.8908e-03,1.7568e-03,1.6003e-02,2.6355e-03
,1.2153e-03,1.6897e-03,1.3291e-03,6.6405e-03,4.4401e-03,2.1929e-03,7.0061e-03,8.7149e-03,2.8612e-03
,2.3276e-03,2.6688e-02,4.7613e-03,3.7473e-03,3.6362e-03,1.7128e-03,9.7155e-03,2.3257e-03,1.2040e-03
,1.8240e-03,1.3536e-03,3.4844e-03,6.2495e-03,2.2803e-03,3.8497e-03,5.3858e-03,3.9903e-03,3.5197e-03
,1.8035e-02,2.6679e-03,2.3390e-03,3.0059e-03,2.5973e-03,3.4033e-03,4.2409e-03,2.7103e-03,3.3005e-03
,2.6650e-03,3.6514e-03,3.7540e-03,5.2779e-03,3.4899e-03,2.5002e-03,3.0701e-03,2.5565e-03,1.4925e-02
,3.6766e-03,3.8236e-03,3.6234e-03,1.8957e-03,1.9961e-03,5.1000e-04,8.2300e-04,4.9596e-03,2.8397e-03
,2.6289e-03,2.7208e-03,4.7126e-03,1.4319e-02,7.7206e-03,3.7362e-03,4.4151e-03,4.4762e-03,9.0715e-04
,9.6931e-04,3.3398e-03,8.8175e-04,6.6967e-04,2.0580e-04,1.1153e-03,5.2819e-04,3.4958e-04,4.7671e-04
,9.5664e-05,9.6829e-05,2.0771e-04,3.0669e-04,6.4374e-04,1.2119e-03,1.1693e-03,2.8361e-03,1.0711e-03
,2.6815e-03,1.3300e-03,5.8707e-03,2.7534e-03,4.9385e-03,5.0236e-03,2.7990e-03,4.9581e-03,2.7867e-03
,4.9815e-03,3.7385e-03,7.3253e-03,4.8072e-03,8.8688e-03,7.3719e-03,5.1811e-03,1.3016e-02,1.4538e-03
,4.5453e-03,4.7155e-03,5.3439e-03,6.0276e-03,5.0052e-03,4.0623e-03,4.7885e-03,4.4115e-03,5.0622e-03
,2.1381e-02,1.6965e-02,1.9503e-02]
Mean Feature importances std. deviation Across Runs
[9.4294e-06,2.0061e-05,8.1170e-05,1.8085e-05,1.1673e-05,4.5500e-07,3.0101e-06,5.1688e-05,7.7267e-06
,1.7218e-05,3.0465e-05,2.8594e-05,2.0645e-05,1.1976e-05,2.1211e-06,2.1032e-05,3.4123e-05,1.4965e-05
,1.5940e-06,4.5397e-05,7.1619e-06,9.5586e-06,1.4196e-06,3.8096e-06,1.6424e-05,1.0531e-05,1.2502e-05
,1.6501e-07,0.0000e+00,8.8767e-06,1.8016e-05,2.8602e-05,7.4053e-06,1.0997e-05,2.0837e-05,3.3633e-06
,4.1580e-05,2.6445e-06,7.1025e-05,3.9778e-05,2.8454e-06,5.6866e-06,7.3152e-06,1.2506e-06,3.9576e-06
,0.0000e+00,2.2090e-06,2.0026e-06,1.3060e-05,1.7400e-05,9.3839e-06,9.3177e-06,6.7588e-06,1.1164e-06
,7.8824e-06,3.9931e-06,4.9444e-06,3.7811e-06,2.9565e-05,2.6732e-05,3.6594e-06,2.5791e-05,8.7408e-06
,1.0994e-06,1.5303e-05,2.3851e-06,4.5472e-06,7.0004e-08,5.9783e-06,1.0427e-05,1.3966e-06,3.3158e-06
,2.5075e-06,7.8664e-06,4.1678e-06,5.4049e-06,3.0095e-07,5.0012e-06,2.5752e-06,1.1563e-05,1.6787e-05
,6.4464e-05,1.4445e-05,1.2489e-05,3.5264e-05,1.0241e-05,4.0116e-05,1.3673e-05,2.7961e-06,2.5192e-05
,2.0148e-05,1.8973e-06,1.9445e-05,3.0102e-05,6.4554e-06,1.6891e-05,1.4759e-05,1.5428e-06,1.9181e-05
,2.1840e-05,3.0779e-05,1.7560e-05,1.8165e-05,1.6972e-05,8.4094e-06,3.7284e-06,2.3345e-06,2.5113e-05
,2.8098e-05,1.1854e-06,1.1272e-05,6.9496e-06,1.4872e-05,1.9455e-05,1.8906e-05,1.1684e-05,2.0870e-05
,1.6399e-05,2.3629e-06,1.8090e-05,2.4882e-05,5.6845e-05,2.2008e-05,5.8337e-06,1.1153e-05,7.3856e-06
,1.7048e-05,8.3193e-05,2.4772e-05,2.9281e-05,1.9685e-05,4.4735e-06,3.6032e-08,2.0814e-06,3.7662e-05
,9.1128e-06,1.8581e-05,2.7469e-06,6.6372e-06,1.9339e-05,1.6360e-05,2.0530e-05,1.2664e-05,2.6701e-05
,2.0829e-05,6.0444e-06,1.7460e-05,6.7604e-06,6.9848e-06,1.1259e-05,1.3067e-05,1.2929e-05,2.0217e-05
,1.0126e-05,6.0345e-06,2.6408e-06,1.4488e-06,4.8953e-08,9.1908e-06,2.1782e-05,1.9044e-06,7.4754e-06
,3.6529e-05,3.4241e-06,1.4957e-05,3.9587e-07,2.1825e-05,1.3903e-05,3.2050e-05,1.7492e-05,4.5907e-06
,4.0448e-06,3.6934e-05,2.9693e-05,1.6948e-05,1.8329e-05,1.1499e-05,2.4727e-05,9.2176e-06,1.8935e-05
,1.5277e-05,4.2146e-06,2.9216e-06,2.1761e-05,4.3019e-06,1.9807e-06,7.8464e-06,4.8773e-06,6.7252e-06
,6.0320e-06,6.6779e-06,2.9633e-07,1.3943e-05,1.2870e-05,4.8631e-06,7.1188e-06,5.9484e-06,3.7527e-05
,1.9596e-06,2.3814e-05,2.4788e-06,1.1666e-05,2.2895e-05,6.6781e-06,2.6627e-05,8.1592e-06,3.2885e-06
,2.5780e-05,6.6419e-06,2.1500e-05,2.7653e-06,1.3001e-06,1.0398e-05,5.4174e-06,2.8574e-05,1.2028e-05
,1.4484e-05,7.2623e-05,5.1335e-06,4.9637e-07,1.0213e-05,4.8430e-06,3.4433e-05,1.0453e-05,4.2619e-06
,9.5262e-06,7.5552e-06,1.1120e-05,2.3895e-05,1.0811e-05,1.6985e-05,6.6660e-06,5.5979e-06,5.5595e-06
,1.2547e-06,8.6241e-06,1.3876e-05,9.3936e-06,1.1475e-05,1.3096e-05,5.5639e-06,2.3079e-05,1.6404e-05
,1.3161e-06,6.9138e-06,6.6122e-06,6.6108e-06,1.9491e-05,5.2473e-07,1.6932e-06,3.7124e-06,1.0295e-05
,3.4767e-06,8.6526e-06,9.6608e-06,1.2083e-05,1.5788e-06,5.7106e-06,3.9338e-05,6.4219e-06,7.0206e-06
,8.4780e-06,5.1126e-06,6.3041e-06,1.1536e-05,4.0337e-06,8.9623e-06,8.6172e-06,1.0570e-05,1.3470e-05
,2.7250e-05,6.9804e-06,1.6840e-05,4.8255e-06,6.8755e-05,4.3453e-05,6.8282e-06,9.6608e-06,1.2498e-05
,2.0981e-07,7.2457e-06,9.3120e-06,4.8973e-07,7.0432e-06,8.0121e-06,2.8868e-06,2.2811e-05,1.1721e-06
,5.8341e-06,9.8294e-07,2.7249e-07,0.0000e+00,3.8749e-06,6.7992e-06,1.6868e-05,1.0614e-05,8.2962e-06
,6.0854e-07,2.3505e-06,2.4512e-06,6.3163e-07,3.0036e-06,9.1319e-06,3.6190e-06,1.8800e-05,2.1257e-06
,8.0327e-06,1.1857e-05,1.5493e-05,2.9908e-05,6.5993e-06,2.8044e-06,1.2938e-05,2.3655e-06,1.6945e-05
,3.9261e-08,0.0000e+00,0.0000e+00,0.0000e+00,1.9420e-05,5.0119e-07,1.7982e-06,1.1257e-05,1.5893e-06
,1.5277e-06,2.6749e-06,1.6922e-06,4.1761e-06,4.4207e-06,6.0098e-05,1.1335e-05,1.6617e-05,1.4637e-05
,8.7655e-06,2.8716e-05,7.8982e-07,2.1612e-06,2.0229e-06,1.9601e-05,4.4082e-05,4.5005e-06,1.3773e-05
,2.4803e-05,7.4704e-06,8.1320e-06,3.2498e-05,3.6474e-05,3.0540e-05,2.3973e-05,3.2920e-05,8.0989e-06
,2.0552e-05,8.0682e-07,1.0088e-05,2.6521e-05,1.1658e-05,2.4422e-05,2.8288e-05,1.1110e-05,3.9782e-05
,1.1679e-05,1.6394e-05,5.4887e-05,6.5208e-05,2.9105e-05,2.8701e-05,2.7372e-05,7.3421e-05,2.8614e-05
,7.0846e-06,2.0311e-05,1.0204e-05,1.5216e-04,5.7960e-05,4.9437e-05,5.4673e-05,3.1617e-05,9.0918e-06
,2.5330e-05,1.9774e-04,1.1463e-04,3.4238e-05,4.2537e-05,1.6216e-05,2.2244e-04,1.7313e-05,7.2747e-07
,1.1458e-05,2.4175e-06,3.1671e-05,9.4629e-06,5.8287e-06,3.4815e-06,1.2248e-05,2.1869e-05,1.0102e-04
,3.8980e-05,2.0663e-06,5.5807e-05,5.7310e-06,3.8101e-05,1.1330e-05,3.0294e-05,7.8704e-06,2.5039e-05
,8.9171e-06,3.1440e-05,1.0185e-04,3.4154e-05,1.5136e-06,2.2353e-05,9.7792e-06,1.3599e-05,1.6109e-04
,1.1973e-05,8.3016e-05,1.2087e-04,4.7517e-06,1.3916e-05,3.8180e-06,1.7778e-06,7.8572e-05,3.8641e-06
,9.5455e-06,1.4065e-05,7.7072e-05,7.8326e-05,3.2231e-05,2.0513e-05,1.7258e-05,8.7521e-06,3.1668e-06
,4.9488e-06,7.0117e-05,1.2346e-05,7.4248e-06,3.0065e-06,4.7995e-06,6.8073e-06,8.2605e-06,2.1594e-05
,6.7611e-06,7.6137e-07,1.2999e-05,4.0181e-07,9.4069e-06,1.1982e-05,1.5689e-05,5.8983e-06,1.0591e-05
,2.6402e-05,4.9156e-06,2.5555e-05,2.6336e-05,6.5838e-05,9.6370e-05,2.0390e-05,9.2700e-05,6.2573e-05
,2.4332e-05,6.3179e-05,5.9199e-05,4.7557e-06,6.8896e-05,6.2863e-05,5.5061e-05,1.6286e-04,1.1951e-05
,2.9128e-06,6.0056e-06,5.4706e-06,4.1509e-05,1.2607e-05,3.1558e-05,7.4185e-06,1.9112e-05,4.4371e-05
,5.4942e-04,7.8191e-05,1.6619e-04]
