MODEL RESULTS for run at: rf_2_full_20200201-210006.txt

Model Parameters:-----------------------------------
Model: rf
Feature selection: full
X is: C:\Users\jjnun\Documents\Sync\Research\1_CANBIND Replication\teyden-git\data\final_datasets\to_run_20201016\1_Replication\X_lvl2_rem_qids01__final.csv
y is: C:\Users\jjnun\Documents\Sync\Research\1_CANBIND Replication\teyden-git\data\final_datasets\to_run_20201016\1_Replication\y_lvl2_rem_qids01__final.csv
2 runs of 10-fold CV

Summary of Results:------------------------------------
Mean accuracy is: 0.7002, with Standard Deviation: 0.000595
Mean balanced accuracy is: 0.7292, with Standard Deviation: 0.002403
Mean sensitivty is: 0.7956, with Standard Deviation: 0.006034
Mean specificty is: 0.6628, with Standard Deviation: 0.001227
Mean precision is: 0.4774, with Standard Deviation: 0.001144
Mean f1 is: 0.5955, with Standard Deviation: 0.0024
Mean number of features used is: 460.7483, with Standard Deviation: 0.1850

Feature Importance And Use:---------------------------
Top 30 Features by importance, in descending order (1st most important):
By position in data matrix, 1 added to skip index=0 
[380 478 480 397 479 368 414 427 467 385 377 464 276 363   3 346 428 100
 462 465  82 274 376 364 373  35  30 391  75 453]
qids01_w2c__qstot
imput_idsc5w2
imput_qidscpccg

qids01_w2sr__qstot
imput_idsc5pccg
qids01_w2c__vmdsd
qlesq01__totqlesq
sfhs01__pcs12
wsas01__totwsas
qids01_w2sr__vmdsd
qids01_w2c__vengy
wsas01__wsas03
phx01__episode_date
qids01_w0sr__qstot
interview_age
qids01_w0c__qstot
sfhs01__mcs12
hrsd01__hdtot_r
wsas01__wsas01
wsas01__wsas04
dm01_w0__totincom
phx01__dage
qids01_w2c__vintr
qids01_w2c__vsoin
qids01_w2c__vcntr
dm01_enroll__educat
dm01_enroll__resm
qids01_w2sr__vvwsf
dm01_w0__mempl
wpai01__wpai04

Raw results:----------------------------------------
Accuracies
[0.70079365 0.69960317]
Balanced Accuracies
[0.73164109 0.72683456]
Sensitivites
[0.80166097 0.78959376]
Specificities
[0.66162121 0.66407536]
Precisions
[0.47851695 0.47622975]
F1s
[0.59787255 0.59303179]
Number of features used
[460.93333333 460.56333333]
Mean Feature importances Across Runs
[1.3185e-03,1.3100e-03,7.8874e-03,1.4254e-03,2.0051e-03,7.0649e-04,1.8203e-03,1.8986e-03,1.3155e-03
,6.4952e-04,1.4021e-03,2.3084e-03,1.8456e-03,1.8247e-03,1.6092e-03,1.2517e-03,1.4965e-03,1.0303e-03
,1.1892e-04,3.4568e-03,1.1366e-03,1.6578e-03,1.8586e-05,1.0286e-03,2.3281e-03,7.6272e-04,7.8240e-04
,7.2620e-07,0.0000e+00,6.3729e-03,1.0068e-03,3.1573e-03,1.6672e-03,3.5644e-03,6.4225e-03,1.3852e-03
,1.7545e-03,1.8588e-03,3.7081e-03,1.3267e-03,4.0743e-04,6.1711e-04,1.2101e-03,2.0235e-04,3.5860e-05
,0.0000e+00,6.2195e-05,5.9518e-04,1.1622e-03,1.0325e-03,1.0210e-03,5.8102e-04,9.9557e-04,5.5048e-04
,8.0996e-04,4.4039e-04,7.7508e-04,6.9975e-04,3.9429e-03,7.3447e-04,4.6083e-04,7.4468e-04,9.1520e-04
,1.3702e-04,8.8475e-04,5.7202e-04,5.7077e-04,6.2765e-04,5.8437e-04,6.9039e-04,6.5666e-04,1.4704e-03
,1.4538e-03,8.8239e-04,6.1584e-03,7.9823e-04,1.7491e-03,3.7436e-04,5.7993e-04,6.8185e-04,1.4944e-03
,7.3246e-03,1.8037e-03,1.6424e-03,1.7302e-03,2.1113e-03,2.6813e-03,8.4876e-04,1.5376e-03,1.3466e-03
,2.3972e-03,2.1475e-03,2.0879e-03,2.2747e-03,2.1477e-03,1.4937e-03,1.9182e-03,1.8611e-03,1.7268e-03
,7.7002e-03,3.2693e-03,2.1385e-03,2.1876e-03,1.5187e-03,1.8719e-03,2.8733e-03,2.0455e-03,2.2871e-03
,2.7380e-03,1.9923e-03,8.6993e-04,2.2366e-03,1.9277e-03,1.5779e-03,1.7903e-03,1.4782e-03,2.2153e-03
,2.1411e-03,2.2977e-03,1.9540e-03,2.5710e-03,3.5658e-03,2.4698e-03,2.0944e-03,1.4574e-03,2.3921e-03
,2.5636e-03,2.4929e-03,1.7961e-03,2.1058e-03,2.2081e-03,7.8137e-04,5.0459e-04,9.5873e-04,1.1099e-03
,8.0140e-04,6.2677e-04,7.0368e-04,8.7533e-04,8.0016e-04,9.6882e-04,9.2568e-04,1.1032e-03,7.2339e-04
,8.9841e-04,8.0745e-04,9.1475e-04,7.5420e-04,8.7356e-04,9.8823e-04,8.4576e-04,9.4709e-04,1.0548e-03
,6.0546e-04,9.4192e-04,1.3477e-03,1.0903e-03,1.5502e-03,1.0801e-03,1.5722e-03,1.1029e-03,1.2382e-03
,1.2078e-03,1.4244e-03,1.1119e-03,1.0524e-03,9.5523e-04,9.6174e-04,9.2079e-04,1.0133e-03,9.0867e-04
,9.5977e-04,1.2682e-03,9.4766e-04,8.5262e-04,1.0183e-03,1.0054e-03,8.6025e-04,8.4928e-04,8.8453e-04
,9.0525e-04,7.2504e-04,8.6643e-04,8.1579e-04,6.9813e-04,4.4158e-04,1.0379e-03,6.4045e-04,9.7542e-04
,1.0880e-03,7.2119e-04,9.0741e-04,5.7440e-04,9.2674e-04,6.1045e-04,8.8341e-04,1.0218e-03,1.2566e-03
,9.6215e-04,1.1145e-03,1.0929e-03,1.5086e-03,9.7357e-04,8.0901e-04,7.9734e-04,6.9199e-04,7.7982e-04
,8.3265e-04,8.2619e-04,7.7226e-04,8.7853e-04,3.9315e-04,2.2232e-04,2.8742e-04,5.2344e-04,1.2865e-03
,9.5735e-04,1.6813e-03,1.2304e-03,8.7977e-04,1.3827e-03,9.8831e-04,8.2489e-04,4.4007e-04,9.8838e-04
,1.0084e-03,9.5250e-04,9.6541e-04,9.5666e-04,1.1890e-03,1.0356e-03,9.2837e-04,1.0012e-03,6.8534e-04
,8.1626e-04,9.0553e-04,9.1497e-04,8.5361e-04,1.0663e-03,1.0794e-03,9.4742e-04,7.5260e-04,5.4155e-04
,4.4257e-04,7.7149e-04,6.7229e-04,4.8583e-04,4.0755e-04,3.0905e-04,3.0005e-04,5.5922e-04,3.2279e-04
,2.7840e-04,1.3828e-03,9.5251e-04,9.8078e-04,9.0237e-04,8.8619e-04,8.6755e-04,8.7293e-04,9.2927e-04
,8.4404e-04,1.0425e-03,1.0886e-03,1.6463e-03,9.0448e-04,6.3245e-04,7.5642e-04,1.2047e-03,1.1279e-03
,6.5158e-04,6.6764e-04,6.3037e-04,7.0750e-03,4.0327e-03,8.7480e-03,1.0056e-03,3.1470e-04,3.3828e-04
,7.9486e-05,5.5954e-04,1.0983e-04,7.2562e-04,5.8163e-04,2.3313e-04,9.7720e-04,9.8678e-04,8.1499e-04
,7.6911e-05,6.9026e-05,4.5526e-05,0.0000e+00,7.8946e-05,1.5990e-04,9.7484e-04,1.0932e-03,1.0989e-03
,6.9258e-04,6.1135e-04,4.2581e-04,4.5661e-04,1.6001e-04,9.7593e-04,9.8725e-04,7.7579e-04,4.3209e-04
,9.3779e-04,5.0326e-04,7.4315e-04,5.9828e-04,4.0242e-04,2.5516e-04,1.8579e-04,3.3368e-05,1.2046e-03
,1.5935e-06,0.0000e+00,0.0000e+00,0.0000e+00,5.2407e-04,3.4056e-04,3.1082e-05,9.2253e-05,1.2961e-04
,8.3248e-05,4.1006e-05,7.5402e-05,7.4408e-05,1.4283e-04,2.7158e-03,2.0989e-03,2.3028e-03,1.4366e-03
,2.0152e-03,1.9015e-03,1.4305e-03,1.7574e-03,1.6125e-03,2.4921e-03,2.0161e-03,2.0543e-03,1.8298e-03
,1.9174e-03,1.6406e-03,1.7419e-03,7.7521e-03,2.8607e-03,2.2641e-03,2.4414e-03,1.7488e-03,2.2131e-03
,1.9967e-03,1.5800e-03,1.8002e-03,1.7283e-03,2.4269e-03,2.1661e-03,1.7964e-03,2.4196e-03,2.7405e-03
,2.1630e-03,2.4929e-03,8.3105e-03,6.5397e-03,3.9075e-03,2.8795e-03,1.7388e-03,1.5958e-02,2.5742e-03
,1.2507e-03,1.7225e-03,1.3746e-03,6.5222e-03,4.5577e-03,2.2243e-03,7.0322e-03,9.0021e-03,2.9667e-03
,2.4274e-03,2.7126e-02,4.7053e-03,3.6004e-03,3.6722e-03,1.6883e-03,9.3390e-03,2.3772e-03,1.2205e-03
,1.8492e-03,1.3751e-03,3.2706e-03,6.2108e-03,2.2449e-03,3.9526e-03,5.2813e-03,4.1268e-03,3.5457e-03
,1.7398e-02,2.7281e-03,2.3165e-03,3.1279e-03,2.5509e-03,3.4007e-03,4.3253e-03,2.6769e-03,3.3979e-03
,2.6920e-03,3.5918e-03,3.6492e-03,5.2739e-03,3.5039e-03,2.5676e-03,3.0580e-03,2.5367e-03,1.4883e-02
,3.8132e-03,3.7777e-03,3.6763e-03,1.9892e-03,1.9998e-03,5.2260e-04,8.3237e-04,5.0935e-03,2.8574e-03
,2.5829e-03,2.7432e-03,4.6526e-03,1.4545e-02,7.7107e-03,3.7364e-03,4.4056e-03,4.5952e-03,9.1148e-04
,9.8401e-04,3.4010e-03,8.9605e-04,6.9955e-04,1.9775e-04,1.0790e-03,5.1705e-04,3.4088e-04,4.8029e-04
,9.0899e-05,9.1289e-05,2.1655e-04,3.0716e-04,6.6587e-04,1.2295e-03,1.1845e-03,2.7893e-03,1.1197e-03
,2.6975e-03,1.3633e-03,5.8074e-03,2.7632e-03,4.9425e-03,5.1234e-03,2.7962e-03,4.9961e-03,2.8277e-03
,4.8847e-03,3.7170e-03,7.5227e-03,4.7950e-03,8.9215e-03,7.4809e-03,5.2064e-03,1.3062e-02,1.4283e-03
,4.5064e-03,4.7214e-03,5.1849e-03,5.7827e-03,5.0982e-03,4.0741e-03,4.8457e-03,4.3284e-03,4.9473e-03
,2.1197e-02,1.6981e-02,1.9423e-02]
Mean Feature importances std. deviation Across Runs
[4.8233e-06,8.6596e-06,9.4934e-05,3.6828e-05,3.7095e-06,5.5557e-06,3.7212e-06,1.1168e-05,1.7411e-05
,7.9428e-06,4.8862e-06,5.0230e-06,6.7503e-06,1.5210e-05,3.5050e-06,5.5249e-06,2.9060e-06,1.1997e-05
,1.9484e-06,1.1235e-06,1.2871e-05,3.5530e-05,1.5230e-06,7.0493e-06,2.5905e-05,6.3830e-06,1.5208e-05
,1.1163e-07,0.0000e+00,3.3072e-05,1.6006e-05,3.2398e-05,5.7868e-06,1.3233e-05,6.8556e-05,4.4135e-05
,2.4523e-06,2.4995e-05,5.2497e-05,4.6414e-06,6.0962e-06,3.3918e-06,3.5861e-06,1.1470e-06,1.8300e-06
,0.0000e+00,2.9106e-07,5.6695e-06,1.7256e-05,1.2764e-05,7.5961e-07,1.7380e-06,2.6806e-05,4.5191e-06
,5.0981e-06,1.2559e-05,1.1158e-05,6.5743e-06,4.8527e-05,1.9283e-05,1.5504e-05,2.4475e-05,2.2095e-05
,1.0188e-05,1.5709e-05,4.1448e-06,1.7612e-06,1.1289e-05,1.1728e-05,3.3206e-06,2.5411e-06,2.5151e-05
,1.2411e-05,1.3116e-05,5.3768e-05,1.1116e-07,3.7722e-05,1.9057e-06,1.2826e-06,1.6143e-05,4.2711e-06
,3.0101e-05,3.0020e-05,1.5741e-05,8.9112e-06,2.8800e-05,3.3090e-05,2.0407e-05,3.3711e-05,1.8969e-05
,3.5814e-05,1.1052e-05,8.0977e-06,4.0907e-06,1.7580e-05,1.1468e-05,1.8465e-06,2.0473e-05,4.1688e-06
,1.0379e-05,1.2620e-05,1.0960e-05,6.8040e-07,2.3665e-05,8.7190e-06,4.2738e-05,1.4555e-05,6.3625e-06
,1.2394e-06,6.1595e-06,4.1240e-06,2.6629e-05,8.0243e-06,2.0884e-06,1.6132e-05,1.2974e-05,1.4951e-05
,5.0027e-06,2.0078e-05,8.0199e-06,6.8182e-06,8.8016e-05,2.3134e-05,1.4805e-05,1.1366e-05,3.1765e-06
,2.4267e-05,1.0607e-05,4.2147e-06,8.6638e-06,4.2128e-05,6.9489e-06,9.0395e-06,4.8185e-06,1.0830e-06
,1.3065e-05,7.7765e-06,1.0565e-06,2.2238e-06,5.5141e-06,6.6878e-06,6.7602e-06,1.4440e-05,7.6456e-07
,6.8409e-07,5.1850e-06,1.5989e-05,1.8087e-07,1.7766e-05,2.1933e-06,4.9577e-06,1.6644e-05,1.7521e-06
,1.4507e-05,6.9220e-06,2.9848e-05,1.1450e-05,4.4218e-06,3.8988e-05,2.5120e-05,1.4478e-05,4.2879e-05
,3.1587e-05,5.4228e-06,1.6229e-05,4.1882e-06,3.2935e-05,2.5355e-05,3.8819e-06,8.4578e-06,1.5044e-05
,4.9044e-07,1.6201e-05,1.8098e-05,2.3483e-05,2.7464e-05,8.1959e-07,1.0342e-05,1.0767e-05,2.2924e-05
,1.8724e-05,1.0849e-05,9.6529e-08,3.9821e-07,8.4466e-06,3.5875e-06,1.8874e-06,3.7544e-06,1.1037e-05
,1.8159e-05,7.2270e-06,1.0180e-05,1.1992e-05,2.5428e-06,1.0460e-06,1.5810e-06,1.6321e-05,1.1087e-05
,3.1473e-06,1.5611e-05,9.0543e-06,1.9264e-05,5.8827e-07,2.1303e-05,1.7009e-05,9.8511e-06,6.5247e-06
,4.2848e-06,1.7128e-05,2.1788e-05,4.2382e-05,3.4902e-06,5.9695e-06,4.2849e-06,8.2236e-06,1.5096e-05
,9.8691e-07,2.8767e-05,2.5333e-05,9.9787e-06,1.7550e-05,1.1575e-05,8.8580e-06,7.1561e-07,1.3096e-05
,1.3917e-05,3.1351e-06,1.6508e-05,9.9685e-06,5.7921e-06,7.2221e-06,2.1363e-07,4.8620e-06,1.4320e-05
,7.2573e-06,1.9145e-05,1.4784e-05,3.9723e-06,3.3785e-06,8.4704e-06,3.4828e-06,2.8615e-05,4.8751e-06
,3.9130e-06,3.6134e-06,3.0831e-06,4.4558e-06,7.0079e-06,6.3409e-06,4.4561e-06,1.6136e-05,5.9216e-06
,2.8771e-06,1.6644e-05,1.3345e-05,4.9148e-06,4.9397e-06,2.3922e-05,4.4735e-06,1.9848e-05,7.2253e-06
,8.0684e-06,1.4627e-05,3.1478e-05,2.2178e-05,1.1058e-05,1.3627e-06,2.8355e-05,9.7078e-06,6.4752e-06
,1.8159e-05,2.9924e-05,1.2785e-05,4.2126e-06,2.2666e-05,2.3491e-05,1.1421e-05,6.1644e-06,9.0589e-07
,4.7820e-08,7.8136e-06,3.6547e-06,1.0570e-05,1.1828e-05,1.8783e-06,1.2695e-05,6.4467e-06,2.7286e-05
,3.3640e-06,4.5544e-06,1.0393e-07,0.0000e+00,1.8234e-06,6.0885e-06,3.2948e-05,1.7716e-05,7.5194e-06
,5.6334e-07,1.0195e-06,3.0213e-06,5.3253e-06,3.6984e-06,8.5580e-06,7.2019e-06,3.5176e-06,1.1142e-05
,1.5326e-05,1.4421e-05,2.4425e-07,2.2410e-05,1.9983e-06,1.9978e-07,7.1419e-06,7.1512e-07,7.6843e-06
,3.4488e-07,0.0000e+00,0.0000e+00,0.0000e+00,8.6013e-07,9.0920e-07,1.5740e-06,5.8698e-06,5.0365e-06
,5.7487e-06,1.2531e-06,1.2219e-06,4.5976e-06,9.0676e-06,3.9405e-05,7.5400e-06,2.6884e-06,2.0365e-05
,2.2213e-05,1.6047e-05,2.3300e-05,1.2812e-05,1.5227e-05,1.8586e-05,7.3617e-07,6.7313e-06,2.3181e-05
,2.7466e-06,2.3851e-05,5.0152e-06,1.9136e-04,3.7844e-06,3.1219e-05,3.5058e-05,1.5593e-05,1.1004e-05
,1.5748e-06,2.5502e-05,1.1668e-05,2.5522e-06,2.2223e-05,2.3275e-05,6.0681e-05,2.9957e-06,7.7980e-05
,7.0934e-06,3.0789e-06,2.1860e-05,8.7402e-05,7.2259e-05,2.8323e-05,2.9270e-05,3.5533e-05,2.5327e-05
,1.2985e-05,9.0516e-06,2.3795e-05,2.2698e-05,9.4554e-05,2.3233e-05,2.5939e-04,9.0559e-05,1.3925e-05
,2.4166e-05,6.5721e-05,4.8568e-06,7.1362e-05,3.2370e-05,2.0147e-05,5.5325e-05,3.0475e-05,2.7355e-05
,2.4903e-06,6.6434e-06,1.1755e-05,9.2411e-05,6.8386e-05,4.4052e-05,3.1191e-05,7.0623e-05,2.3483e-05
,1.6775e-04,5.2155e-05,2.0191e-05,9.6026e-06,1.6846e-06,2.3750e-06,1.4064e-05,4.5274e-05,5.6865e-06
,2.8239e-05,5.6347e-05,1.0311e-05,2.9880e-05,4.4771e-05,9.8969e-08,1.4717e-05,1.3156e-05,1.9615e-04
,8.0826e-05,8.3861e-05,1.8869e-05,1.1253e-05,4.4174e-05,5.5216e-06,1.0094e-05,4.3919e-05,1.3777e-05
,1.8415e-05,5.6428e-05,1.3967e-04,8.0147e-06,4.2719e-05,1.9858e-05,3.0972e-05,2.8533e-06,5.4838e-06
,3.1474e-06,5.0654e-05,1.6822e-05,1.4694e-06,9.0105e-07,6.1564e-06,9.1258e-06,5.3872e-08,1.3034e-06
,1.7517e-06,3.9349e-06,2.2142e-06,9.1760e-08,2.1947e-05,2.7065e-06,1.7023e-05,4.3261e-05,2.5302e-05
,7.5030e-06,9.1964e-06,8.8534e-05,2.0892e-05,7.1254e-05,3.0739e-05,1.2644e-06,1.1437e-05,5.2108e-06
,3.0988e-05,9.8432e-06,6.3142e-05,6.3404e-05,8.8778e-05,7.5512e-05,2.6498e-05,9.0410e-05,8.5842e-06
,1.2503e-05,5.4723e-05,4.1786e-06,2.1284e-05,5.2740e-05,9.5295e-05,1.5641e-05,7.5527e-07,1.0922e-04
,1.3852e-04,1.0574e-04,1.2670e-04]
