MODEL RESULTS for run at: rf_cv_10_X_full_resp_y_ovlap_resp_all_20200205-1421.txt

Model Parameters:-----------------------------------
Model: rf_cv
Feature selection: all
X is: C:/Users/jjnun/Documents/Sync/Research/1_CANBIND Replication/teyden-git/data/final_datasets/to_run_20201016/1a_ReplicationWithResponse/X_wk8_response_qids01__final.csv
y is: C:\Users\jjnun\Documents\Sync\Research\1_CANBIND Replication\teyden-git\data\final_datasets\to_run_20201016\2_ExternalValidation\y_train_stard_extval.csv
10 runs of 10-fold CV

Summary of Results:------------------------------------
Mean accuracy is: 0.6516, with Standard Deviation: 0.001381
Mean balanced accuracy is: 0.6801, with Standard Deviation: 0.001572
Mean AUC is: 0.7567, with Standard Deviation: 0.001713
Mean sensitivty is: 0.5144, with Standard Deviation: 0.002607
Mean specificty is: 0.8458, with Standard Deviation: 0.002729
Mean precision is: 0.8260, with Standard Deviation: 0.002581
Mean f1 is: 0.6332, with Standard Deviation: 0.0019
Mean number of features used is: 467.2050 of 480, with Standard Deviation: 0.1119

Feature Importance And Use:---------------------------
Top 30 Features by importance, in descending order (1st most important):
By position in data matrix, 1 added to skip index=0 
[397 480 479 380 427 478 363   3 368 428 276 467 414 393 274  82 385 396
 395  30 394 100  75  35 462 453 391 346 472 456]
qids01_w2sr__qstot
imput_qidscpccg

imput_idsc5pccg
qids01_w2c__qstot
sfhs01__pcs12
imput_idsc5w2
qids01_w0sr__qstot
interview_age
qids01_w2c__vmdsd
sfhs01__mcs12
phx01__episode_date
wsas01__totwsas
qlesq01__totqlesq
qids01_w2sr__vintr
phx01__dage
dm01_w0__totincom
qids01_w2sr__vmdsd
qids01_w2sr__vagit
qids01_w2sr__vslow
dm01_enroll__resm
qids01_w2sr__vengy
hrsd01__hdtot_r
dm01_w0__mempl
dm01_enroll__educat
wsas01__wsas01
wpai01__wpai04
qids01_w2sr__vvwsf
qids01_w0c__qstot
imput_gibbons
wpai01__wpai_totalhrs

Statistical Significance:----------------------------
Raw results:----------------------------------------
Accuracies
[0.65309051,0.65144471,0.64914978,0.65214959,0.6491323,0.6534424,0.65145455,0.65243153,0.65213866,0.65144581]
Balanced Accuracies
[0.6823422,0.68063748,0.67735705,0.68012865,0.67772591,0.68134193,0.68025546,0.68137215,0.68109028,0.67866037]
AUCs
[0.75877631,0.76046212,0.75609638,0.75689689,0.75476385,0.75584482,0.75643017,0.75697592,0.75676478,0.75428024]
Sensitivites
[0.51286171,0.51547097,0.51339806,0.51586491,0.50800049,0.51824458,0.51502887,0.5166291,0.51413588,0.51402678]
Specificities
[0.85182269,0.845804,0.84131604,0.84439239,0.84745133,0.84443928,0.84548204,0.84611521,0.84804467,0.84329395]
Precisions
[0.8322611,0.82509842,0.82196457,0.82521905,0.82719971,0.82525531,0.8254288,0.82545558,0.82802501,0.82426965]
F1s
[0.63353986,0.63377481,0.63114328,0.63458431,0.62860102,0.63562899,0.63351482,0.63488198,0.63350115,0.63243485]
Number of features used
[467.28,467.24333333,467.37666667,467.27,467.17333333,467.24666667,467.19,467.01,467.00333333,467.25666667]
Mean Feature importances Across Runs
[1.2078e-03,1.2096e-03,9.6730e-03,1.6719e-03,1.5031e-03,1.0025e-03,1.9556e-03,1.7179e-03,1.4321e-03
,6.9161e-04,1.7011e-03,2.6863e-03,1.5340e-03,1.8262e-03,1.9148e-03,9.6023e-04,1.6151e-03,1.0010e-03
,1.1292e-04,2.2287e-03,1.1913e-03,9.9659e-04,1.8565e-05,9.2319e-04,1.3006e-03,3.8006e-04,3.8731e-04
,7.6346e-07,0.0000e+00,7.2277e-03,1.0695e-03,3.4383e-03,1.4844e-03,3.6398e-03,5.8002e-03,1.4186e-03
,2.2028e-03,2.1591e-03,4.0080e-03,1.1271e-03,5.3763e-04,5.2991e-04,1.1034e-03,3.2741e-04,4.9342e-05
,2.5798e-05,1.1337e-04,7.2846e-04,1.1511e-03,1.1262e-03,1.0622e-03,6.5259e-04,1.1726e-03,6.8844e-04
,9.3332e-04,4.1788e-04,8.2171e-04,8.1748e-04,1.1899e-03,8.8887e-04,6.5342e-04,4.0731e-04,9.0244e-04
,6.8660e-05,9.1914e-04,9.2020e-04,9.2775e-04,6.9774e-04,6.5693e-04,7.4496e-04,6.8784e-04,1.0381e-03
,1.0542e-03,1.3467e-03,6.1974e-03,1.1187e-03,2.1540e-03,5.0525e-04,7.9971e-04,8.0164e-04,1.5605e-03
,7.9021e-03,1.7268e-03,1.9304e-03,1.9010e-03,2.2879e-03,2.6090e-03,1.0425e-03,1.7688e-03,1.5059e-03
,2.8879e-03,2.6319e-03,2.7471e-03,2.1322e-03,2.3762e-03,1.5025e-03,2.2307e-03,2.4395e-03,1.9793e-03
,6.2677e-03,2.6493e-03,2.5940e-03,2.4686e-03,1.7341e-03,2.1893e-03,2.8763e-03,1.9934e-03,2.6790e-03
,2.9700e-03,2.6077e-03,1.0685e-03,2.7932e-03,2.6069e-03,1.5673e-03,1.8913e-03,1.6670e-03,2.6389e-03
,2.4325e-03,3.0787e-03,2.0057e-03,2.6720e-03,2.6980e-03,2.7520e-03,2.4091e-03,1.6719e-03,2.7309e-03
,3.1088e-03,2.3744e-03,2.2469e-03,2.6005e-03,2.1406e-03,9.5215e-04,7.2727e-04,1.1187e-03,1.2938e-03
,1.0705e-03,1.0251e-03,1.0397e-03,1.0326e-03,9.5595e-04,1.0851e-03,1.0228e-03,1.2599e-03,8.0055e-04
,1.1106e-03,9.6073e-04,1.0190e-03,9.4564e-04,1.1908e-03,1.0511e-03,9.4117e-04,1.0298e-03,1.0406e-03
,8.5607e-04,9.3720e-04,1.1759e-03,1.1611e-03,1.6268e-03,1.2450e-03,1.3081e-03,1.0706e-03,1.1529e-03
,1.1288e-03,1.3300e-03,1.1573e-03,1.0532e-03,1.0226e-03,1.0293e-03,1.0652e-03,9.7958e-04,1.1226e-03
,1.2056e-03,1.1143e-03,1.2243e-03,1.0105e-03,1.0498e-03,1.1215e-03,9.7341e-04,1.0104e-03,1.0555e-03
,1.0086e-03,8.8056e-04,1.0051e-03,9.8381e-04,8.2993e-04,4.6163e-04,1.1743e-03,7.2887e-04,1.1343e-03
,1.1150e-03,7.9373e-04,9.6904e-04,7.3873e-04,1.0981e-03,7.2037e-04,1.0037e-03,9.1218e-04,9.6392e-04
,1.0720e-03,9.5959e-04,1.0543e-03,9.9100e-04,9.9834e-04,8.1257e-04,1.0171e-03,8.3966e-04,8.7904e-04
,9.1380e-04,8.9212e-04,8.9710e-04,9.5511e-04,5.5053e-04,2.5718e-04,3.6434e-04,6.9366e-04,1.2430e-03
,7.5272e-04,1.1720e-03,1.0451e-03,8.9047e-04,1.1166e-03,8.4969e-04,7.9246e-04,4.5809e-04,9.6953e-04
,1.0176e-03,1.0397e-03,1.0276e-03,1.0617e-03,1.0966e-03,1.0434e-03,1.0923e-03,9.3079e-04,8.1739e-04
,8.8060e-04,1.0690e-03,1.0781e-03,1.0143e-03,1.0527e-03,1.0430e-03,1.0317e-03,8.5545e-04,7.2157e-04
,6.6459e-04,9.4937e-04,8.5525e-04,5.9525e-04,5.0567e-04,4.6601e-04,4.0767e-04,6.7130e-04,4.8141e-04
,4.9881e-04,1.2649e-03,1.1506e-03,1.1550e-03,1.1614e-03,1.1005e-03,1.0347e-03,1.0715e-03,1.0067e-03
,1.0478e-03,1.0573e-03,1.1754e-03,1.7061e-03,8.8743e-04,6.7621e-04,8.9154e-04,1.0713e-03,1.1444e-03
,7.9439e-04,8.2585e-04,6.8892e-04,7.9497e-03,4.7433e-03,9.0442e-03,1.1544e-03,2.4108e-04,2.6764e-04
,1.0994e-04,5.0942e-04,1.0488e-04,8.1108e-04,5.1185e-04,3.1503e-04,1.1716e-03,1.1932e-03,8.6120e-04
,9.2733e-05,1.1337e-04,4.7134e-05,6.3136e-06,3.2068e-05,6.9395e-05,1.2405e-03,1.2391e-03,1.1996e-03
,7.0013e-04,7.6226e-04,5.3261e-04,7.2031e-04,1.8192e-04,1.1470e-03,1.0495e-03,9.2935e-04,3.5217e-04
,9.5517e-04,6.0688e-04,8.5125e-04,4.9725e-04,3.9226e-04,2.2013e-04,1.9520e-04,2.7154e-05,1.0492e-03
,1.3680e-05,0.0000e+00,0.0000e+00,0.0000e+00,5.4189e-04,3.3036e-04,3.0245e-05,1.1292e-04,2.5368e-04
,1.1019e-04,6.0856e-05,8.9354e-05,1.2433e-04,1.0299e-04,2.4899e-03,2.5147e-03,2.5577e-03,1.7565e-03
,1.8750e-03,2.1248e-03,1.9874e-03,1.8672e-03,1.9258e-03,2.4939e-03,2.5293e-03,1.9510e-03,2.0152e-03
,2.1351e-03,1.9322e-03,2.1014e-03,5.5983e-03,2.6569e-03,2.5345e-03,2.8302e-03,2.0362e-03,2.5349e-03
,2.2136e-03,2.3195e-03,2.0776e-03,2.0445e-03,2.5731e-03,3.5016e-03,1.9363e-03,4.0352e-03,3.4750e-03
,2.6906e-03,2.6454e-03,9.7283e-03,5.0860e-03,4.9896e-03,3.4396e-03,1.8069e-03,9.5483e-03,2.1827e-03
,1.2999e-03,1.9016e-03,1.3541e-03,3.5333e-03,3.0076e-03,1.9244e-03,4.3194e-03,4.4787e-03,2.6110e-03
,2.5566e-03,1.6179e-02,4.8657e-03,4.1244e-03,5.1188e-03,1.7193e-03,7.8438e-03,2.2464e-03,1.4088e-03
,2.0685e-03,1.3928e-03,5.1760e-03,5.6421e-03,2.6010e-03,8.0472e-03,6.8145e-03,7.5539e-03,7.7645e-03
,2.3012e-02,3.0514e-03,2.3026e-03,3.3536e-03,2.8224e-03,2.8181e-03,3.0125e-03,2.8545e-03,2.4092e-03
,3.0045e-03,3.0979e-03,3.6119e-03,4.8508e-03,3.4172e-03,2.3020e-03,3.0966e-03,2.4144e-03,8.5351e-03
,4.8156e-03,3.4141e-03,2.8221e-03,1.5721e-03,2.0120e-03,6.1639e-04,7.9650e-04,4.9972e-03,2.8464e-03
,2.8811e-03,3.3376e-03,3.2294e-03,1.4506e-02,9.1420e-03,3.7747e-03,3.7555e-03,3.4220e-03,1.0662e-03
,1.1302e-03,3.7624e-03,9.4787e-04,7.2696e-04,2.8608e-04,1.2835e-03,6.5915e-04,4.6545e-04,6.9859e-04
,1.2755e-04,1.6115e-04,3.7640e-04,6.1130e-04,8.7345e-04,1.4163e-03,1.0806e-03,2.9980e-03,1.0360e-03
,3.2096e-03,1.9143e-03,5.7379e-03,3.2137e-03,5.2376e-03,5.3423e-03,3.3669e-03,4.1422e-03,3.2357e-03
,5.2710e-03,4.5804e-03,5.7526e-03,4.7354e-03,4.9353e-03,5.0224e-03,4.8657e-03,8.8979e-03,9.8285e-04
,4.4846e-03,4.6330e-03,4.7876e-03,5.4434e-03,4.7949e-03,4.3191e-03,4.7878e-03,4.5628e-03,4.8349e-03
,1.1846e-02,1.8232e-02,2.0543e-02]
Mean Feature importances std. deviation Across Runs
[2.0168e-05,1.5908e-05,2.6608e-05,3.1038e-05,2.0936e-05,1.4926e-05,2.2928e-05,1.7616e-05,1.9405e-05
,1.5953e-05,1.7180e-05,2.3488e-05,1.0305e-05,2.2150e-05,2.1184e-05,1.2997e-05,1.6048e-05,1.8132e-05
,4.8411e-06,5.5470e-05,1.8603e-05,1.4111e-05,1.1939e-06,1.4198e-05,1.6803e-05,7.4194e-06,9.8409e-06
,3.4895e-07,0.0000e+00,3.7964e-05,1.5943e-05,3.9865e-05,1.2038e-05,3.4690e-05,2.4827e-05,2.2171e-05
,2.5954e-05,3.0186e-05,3.4100e-05,1.8586e-05,8.5548e-06,9.2059e-06,1.5938e-05,1.0713e-05,5.6146e-06
,2.3729e-06,3.9227e-06,9.9156e-06,1.4879e-05,2.4306e-05,1.4701e-05,1.0412e-05,1.5021e-05,1.3684e-05
,1.0252e-05,1.2675e-05,1.3398e-05,2.0353e-05,1.5216e-05,1.5597e-05,1.2240e-05,6.6037e-06,1.2518e-05
,3.8482e-06,1.7128e-05,1.8528e-05,2.3414e-05,1.1678e-05,1.8095e-05,1.1525e-05,9.2839e-06,1.8811e-05
,1.3034e-05,3.0766e-05,4.7492e-05,2.5504e-05,2.7407e-05,1.2561e-05,1.6597e-05,9.5840e-06,1.5110e-05
,5.5234e-05,2.7529e-05,3.0800e-05,2.5795e-05,3.4876e-05,1.8803e-05,1.7689e-05,2.2360e-05,1.4463e-05
,3.4910e-05,2.0569e-05,2.0187e-05,2.5964e-05,1.4212e-05,1.7063e-05,2.5321e-05,2.7756e-05,8.3406e-06
,4.4128e-05,3.2915e-05,3.1779e-05,2.4280e-05,2.2621e-05,1.3379e-05,2.6654e-05,1.9383e-05,2.1124e-05
,2.3193e-05,2.8875e-05,1.6282e-05,3.0319e-05,2.5332e-05,1.8492e-05,1.8960e-05,1.5462e-05,1.8992e-05
,2.5035e-05,2.5186e-05,2.7971e-05,1.8142e-05,1.9617e-05,3.2904e-05,3.4238e-05,1.5991e-05,2.2114e-05
,3.2799e-05,2.9066e-05,2.5855e-05,2.7837e-05,1.7319e-05,1.5149e-05,1.0880e-05,1.8237e-05,9.6432e-06
,2.2244e-05,1.3395e-05,1.3741e-05,1.3266e-05,1.6388e-05,1.5730e-05,1.4059e-05,1.8324e-05,1.1631e-05
,1.0884e-05,8.1360e-06,1.6837e-05,1.3346e-05,2.2743e-05,1.8864e-05,1.2426e-05,1.7618e-05,2.0717e-05
,1.2762e-05,1.4582e-05,1.0612e-05,2.0894e-05,3.2497e-05,1.9968e-05,8.7779e-06,1.3182e-05,1.6295e-05
,1.2943e-05,2.3867e-05,1.6935e-05,2.2371e-05,1.6774e-05,1.3706e-05,1.1329e-05,1.6368e-05,9.7337e-06
,2.9410e-05,1.8027e-05,1.9206e-05,1.3139e-05,1.3139e-05,2.1444e-05,1.4780e-05,1.0645e-05,1.6183e-05
,7.3021e-06,1.1584e-05,1.1385e-05,1.4225e-05,1.4327e-05,6.7340e-06,2.3120e-05,1.3974e-05,2.0697e-05
,1.4837e-05,9.1988e-06,1.4639e-05,1.4822e-05,9.1147e-06,6.5882e-06,1.3213e-05,1.2752e-05,1.5685e-05
,2.4765e-05,1.2440e-05,1.2152e-05,2.3580e-05,1.0961e-05,1.3409e-05,2.0185e-05,1.8351e-05,9.7332e-06
,1.7744e-05,1.7220e-05,2.2875e-05,9.6918e-06,1.2256e-05,6.4818e-06,7.0966e-06,2.3421e-05,1.7990e-05
,9.9839e-06,1.9435e-05,1.2820e-05,1.8832e-05,1.9453e-05,2.1540e-05,1.4568e-05,1.0787e-05,1.4014e-05
,1.3933e-05,1.5947e-05,1.2099e-05,2.0002e-05,1.3266e-05,1.7184e-05,1.5164e-05,1.2748e-05,1.4592e-05
,1.7482e-05,1.5164e-05,1.5593e-05,9.8140e-06,8.5238e-06,1.3027e-05,6.6625e-06,1.7253e-05,1.9591e-05
,1.4475e-05,9.7390e-06,1.5115e-05,1.4403e-05,1.2820e-05,8.9218e-06,8.7085e-06,5.7615e-06,1.3020e-05
,1.8252e-05,1.1373e-05,1.2372e-05,1.8737e-05,1.9438e-05,1.2405e-05,1.9839e-05,1.1243e-05,5.3762e-06
,1.3778e-05,2.1411e-05,1.8386e-05,4.1320e-05,1.2178e-05,1.2722e-05,1.5188e-05,2.4392e-05,2.3166e-05
,1.6169e-05,1.2012e-05,1.0719e-05,6.1088e-05,2.8292e-05,3.9571e-05,1.8926e-05,5.6731e-06,4.7671e-06
,3.2001e-06,1.0550e-05,6.4190e-06,1.6048e-05,1.1053e-05,1.0826e-05,1.7935e-05,1.7207e-05,1.4136e-05
,5.9098e-06,5.5793e-06,3.0008e-06,7.9661e-07,1.9247e-06,3.8487e-06,1.0304e-05,1.8530e-05,1.7298e-05
,2.4895e-05,7.8098e-06,8.2855e-06,1.5800e-05,5.2990e-06,1.9153e-05,1.8391e-05,1.1956e-05,8.0613e-06
,1.6970e-05,1.0108e-05,1.0168e-05,8.3094e-06,8.5281e-06,5.9507e-06,4.1360e-06,2.5043e-06,1.4154e-05
,1.5231e-06,0.0000e+00,0.0000e+00,0.0000e+00,1.3091e-05,7.1078e-06,2.1305e-06,4.7746e-06,8.0408e-06
,3.5772e-06,2.4559e-06,4.4755e-06,2.9460e-06,3.2149e-06,2.6333e-05,3.2668e-05,2.9981e-05,1.1958e-05
,1.3140e-05,1.5282e-05,2.6390e-05,1.5415e-05,1.8180e-05,2.5643e-05,2.3419e-05,1.6728e-05,2.8651e-05
,1.7419e-05,2.3405e-05,2.4039e-05,3.0455e-05,2.5887e-05,1.6893e-05,3.1935e-05,2.3104e-05,2.4469e-05
,2.3640e-05,2.6652e-05,9.6179e-06,1.4776e-05,3.2641e-05,2.6489e-05,2.5922e-05,4.4646e-05,5.0589e-05
,2.9361e-05,3.2871e-05,7.2256e-05,7.7035e-05,8.0394e-05,4.2720e-05,1.4774e-05,1.3607e-04,2.2937e-05
,1.4273e-05,2.5098e-05,1.2490e-05,5.9123e-05,3.4896e-05,3.4807e-05,7.7273e-05,6.0551e-05,3.9194e-05
,2.5954e-05,1.5051e-04,6.0237e-05,5.2901e-05,7.3220e-05,2.2295e-05,1.0087e-04,3.3844e-05,1.4381e-05
,2.9496e-05,2.0779e-05,6.0937e-05,6.6610e-05,2.6053e-05,1.0985e-04,9.3496e-05,1.2164e-04,1.2483e-04
,2.1454e-04,3.2509e-05,2.8363e-05,3.8801e-05,4.2611e-05,2.1369e-05,3.0510e-05,2.4528e-05,3.4882e-05
,2.2394e-05,3.9121e-05,3.6543e-05,6.4862e-05,3.2962e-05,2.5480e-05,1.9636e-05,3.8220e-05,7.4355e-05
,5.0144e-05,4.3425e-05,4.1842e-05,2.1728e-05,5.7705e-05,6.5740e-06,1.7979e-05,7.9481e-05,2.1714e-05
,2.2710e-05,4.2839e-05,3.8239e-05,1.1228e-04,6.6875e-05,2.0208e-05,3.7068e-05,1.9262e-05,6.8812e-06
,1.5992e-05,3.6738e-05,1.5919e-05,1.8805e-05,1.1200e-05,1.6849e-05,1.8266e-05,6.2598e-06,1.1700e-05
,5.9833e-06,4.6093e-06,5.6400e-06,9.4577e-06,1.5867e-05,1.0929e-05,2.1818e-05,2.3895e-05,1.3190e-05
,2.0923e-05,1.5572e-05,6.9025e-05,1.7978e-05,4.4436e-05,2.3184e-05,2.3977e-05,4.5354e-05,3.3042e-05
,4.6841e-05,3.6470e-05,6.9108e-05,3.3267e-05,5.3616e-05,2.7341e-05,3.3515e-05,4.5377e-05,1.1809e-05
,2.2873e-05,3.4147e-05,1.9877e-05,3.5562e-05,3.3414e-05,3.4896e-05,4.1155e-05,5.5299e-05,3.9683e-05
,1.7967e-04,1.2464e-04,1.5868e-04]
