MODEL RESULTS for run at: cv_rf_100_X_tillwk4_qids_sr_y_wk8_resp_qids_sr_chi_20201021-0856

Model Parameters:-----------------------------------
Evaluation: cv
Model: rf
Feature selection: chi
X is: C:\Users\jjnun\Documents\Sync\Research\1_CANBIND_Replication\teyden-git\data\final_datasets\for_paper_20201012\\X_tillwk4_qids_sr.csv
y is: C:\Users\jjnun\Documents\Sync\Research\1_CANBIND_Replication\teyden-git\data\final_datasets\for_paper_20201012\\y_wk8_resp_qids_sr.csv
100 runs of 10-fold CV

Summary of Results:------------------------------------
Mean accuracy is: 0.6180, with Standard Deviation: 0.004213
Mean balanced accuracy is: 0.6456, with Standard Deviation: 0.004220
Mean AUC is: 0.7162, with Standard Deviation: 0.003758
Mean sensitivty is: 0.4854, with Standard Deviation: 0.005687
Mean specificty is: 0.8058, with Standard Deviation: 0.006468
Mean precision is: 0.7801, with Standard Deviation: 0.006103
Mean f1 is: 0.5974, with Standard Deviation: 0.0052
Mean true positive is: 0.2844, with Standard Deviation: 0.003351
Mean false positive is: 0.0805, with Standard Deviation: 0.002702
Mean true negative is: 0.3336, with Standard Deviation: 0.002701
Mean false negative is: 0.3016, with Standard Deviation: 0.003353
Mean number of features used is: 30.0000 of 480, with Standard Deviation: 0.0000

Feature Importance And Use:---------------------------
Top 31 Features by importance, in descending order (1st most important):
By position in data matrix, 1 added to skip index=0 
[480 168 156 157 158 159 160 161 162 163 164 165 166 167 169 154 170 171
 172 173 174 175 176 177 178 179 180 181 155 153 124]
imput_qidscpccg

pdsq01__tedis
pdsq01__sad2y
pdsq01__apt2y
pdsq01__slp2y
pdsq01__trd2y
pdsq01__cd2y
pdsq01__low2y
pdsq01__hpl2y
pdsq01__trexp
pdsq01__trwit
pdsq01__tetht
pdsq01__teups
pdsq01__temem
pdsq01__teblk
pdsq01__ser2w
pdsq01__termd
pdsq01__tefsh
pdsq01__teshk
pdsq01__tedst
pdsq01__tenmb
pdsq01__tegug
pdsq01__tegrd
pdsq01__tejmp
pdsq01__ebnge
pdsq01__ebcrl
pdsq01__ebfl
pdsq01__ebhgy
pdsq01__spf2w
pdsq01__tht2w
idsc01__isex

Statistical Significance:----------------------------
Raw results:----------------------------------------
Accuracies
[0.61442419,0.62136909,0.62068717,0.62267174,0.61346141,0.61704588,0.62004349,0.61574432,0.61143422,0.61702948,0.61906651,0.61174896,0.62200621,0.61475095,0.6140876,0.6173923,0.62333617,0.62268485,0.62369681,0.62136472,0.61902935,0.61772452,0.61835836,0.61440998,0.62398422,0.61340349,0.61902826,0.61738575,0.6236673,0.61934409,0.62236138,0.61937906,0.61510611,0.61477062,0.61771796,0.6147269,0.61308657,0.62169585,0.61637925,0.62368041,0.61937578,0.61144515,0.62104343,0.61175223,0.61938015,0.62138002,0.6147575,0.62269797,0.62070028,0.62662885,0.61509409,0.61705462,0.6217024,0.61673224,0.61839552,0.60814373,0.62533823,0.62231548,0.61904137,0.61673661,0.62268376,0.61505475,0.61275435,0.61277403,0.62102267,0.61971565,0.61607873,0.61874194,0.61772452,0.61775403,0.62300942,0.61772889,0.61443293,0.61969925,0.61608638,0.61941403,0.61903482,0.61873101,0.60450572,0.61208773,0.61476187,0.62531747,0.61739777,0.61508972,0.62304439,0.6190534,0.60647499,0.61903919,0.62204883,0.62366511,0.61872446,0.61706555,0.615717,0.61838131,0.61275326,0.62399843,0.61970253,0.62204118,0.61042882,0.61275217]
Balanced Accuracies
[0.64300817,0.64886338,0.65035562,0.65128464,0.64217966,0.64572277,0.647533,0.64297608,0.6403334,0.64402568,0.64717418,0.64012648,0.64868166,0.64289188,0.64295769,0.64307239,0.65232425,0.65162171,0.65120678,0.64892327,0.64696342,0.64460607,0.64597103,0.64169234,0.65149762,0.63943379,0.64723208,0.64583398,0.65165222,0.64804865,0.65093632,0.64803202,0.64202822,0.64314379,0.6458615,0.64200761,0.64075635,0.64857162,0.64435641,0.65095318,0.64616715,0.63810237,0.64865867,0.63911111,0.64584366,0.64793145,0.64185562,0.65052321,0.64887648,0.65544257,0.64313662,0.64640442,0.6468203,0.64492904,0.64692569,0.63633374,0.65230361,0.64901705,0.64617162,0.64456555,0.65045497,0.64303679,0.63954882,0.64086305,0.64800857,0.64833701,0.64445719,0.64548247,0.6431064,0.64617999,0.64987087,0.64542248,0.64193663,0.64613779,0.64271882,0.64561298,0.64592509,0.64490532,0.63311527,0.64041505,0.64169394,0.65269056,0.6452347,0.64236411,0.65050291,0.6482262,0.63551478,0.6472347,0.64968313,0.65175789,0.64481511,0.64464458,0.64351678,0.6466982,0.63978966,0.6524972,0.64726011,0.65102189,0.63894741,0.64045968]
AUCs
[0.71475482,0.71777013,0.71922401,0.71974807,0.71645721,0.71751381,0.71432679,0.71258019,0.71663762,0.71680349,0.72078631,0.71474575,0.71912642,0.71755817,0.71383418,0.71932435,0.72357944,0.71501508,0.71947168,0.71823617,0.72594079,0.71230981,0.71200037,0.72191783,0.71862057,0.7140502,0.71188101,0.7151333,0.71820923,0.71550414,0.72342185,0.72059602,0.71555174,0.71257061,0.71719759,0.71362398,0.71312443,0.71551986,0.71010623,0.71937918,0.71884778,0.71597601,0.71857057,0.71375771,0.7152014,0.7122999,0.71410532,0.72043229,0.71024767,0.72307533,0.71538534,0.71499579,0.71848908,0.71460943,0.7157006,0.71467045,0.72261132,0.71604917,0.71673383,0.71185058,0.71993224,0.71477972,0.71653497,0.70933532,0.70902839,0.71931873,0.71198414,0.71199398,0.71646759,0.71494128,0.71130352,0.71513674,0.71158312,0.71662346,0.71097904,0.71385164,0.72297497,0.71723716,0.7097355,0.71327978,0.71878753,0.72006122,0.71499079,0.71128132,0.72039074,0.71245954,0.7133113,0.720168,0.71854496,0.72150102,0.72165584,0.71703891,0.71647632,0.71757309,0.70396415,0.71916662,0.71670438,0.71805875,0.7120182,0.71788727]
Sensitivites
[0.47819394,0.48842522,0.48613448,0.49068248,0.47978176,0.48156495,0.48461576,0.48288799,0.47335705,0.48510829,0.48388798,0.48180736,0.49078556,0.4813229,0.47736302,0.4945873,0.4823569,0.48909896,0.49267598,0.48626219,0.48473615,0.489122,0.48370167,0.48021304,0.49384672,0.48410517,0.48368094,0.48263261,0.49003656,0.4819777,0.48726827,0.48462457,0.48217757,0.4788396,0.4825995,0.48353968,0.47963379,0.48973346,0.4834176,0.49052784,0.4898665,0.48276976,0.4900262,0.4807904,0.49137685,0.49266236,0.48414723,0.4897049,0.48474493,0.49322535,0.48363308,0.47969761,0.49911963,0.4843173,0.48487467,0.47733527,0.49307014,0.49692625,0.48575619,0.48069968,0.48502418,0.48455946,0.48497099,0.48106401,0.48808644,0.48592537,0.48580324,0.48866637,0.49461461,0.4827923,0.49309804,0.48597701,0.48467229,0.49032195,0.48572856,0.4924689,0.48909432,0.49184964,0.47092901,0.47398605,0.48781519,0.49757291,0.49011229,0.48267701,0.48998371,0.48534664,0.4670083,0.48383078,0.48803589,0.49167549,0.49202976,0.48019731,0.47900576,0.48489397,0.48835239,0.48721443,0.48345694,0.48293445,0.47216595,0.47875508]
Specificities
[0.80782239,0.80930155,0.81457676,0.81188681,0.80457756,0.8098806,0.81045023,0.80306417,0.80730975,0.80294307,0.81046039,0.79844561,0.80657777,0.80446087,0.80855235,0.79155747,0.8222916,0.81414446,0.80973759,0.81158436,0.80919069,0.80009014,0.80824039,0.80317163,0.80914852,0.79476241,0.81078322,0.80903535,0.81326788,0.81411961,0.81460437,0.81143947,0.80187886,0.80744798,0.8091235,0.80047553,0.80187892,0.80740979,0.80529521,0.81137851,0.80246779,0.79343497,0.80729114,0.79743182,0.80031048,0.80320054,0.79956402,0.81134152,0.81300803,0.8176598,0.80264016,0.81311123,0.79452097,0.80554077,0.80897671,0.79533221,0.81153709,0.80110785,0.80658706,0.80843141,0.81588577,0.80151412,0.79412665,0.80066208,0.8079307,0.81074865,0.80311113,0.80229856,0.79159818,0.80956768,0.80664369,0.80486794,0.79920098,0.80195362,0.79970908,0.79875707,0.80275586,0.797961,0.79530154,0.80684404,0.7955727,0.80780821,0.80035712,0.80205121,0.8110221,0.81110575,0.80402126,0.81063863,0.81133038,0.81184029,0.79760045,0.80909185,0.8080278,0.80850243,0.79122693,0.81777998,0.81106329,0.81910934,0.80572887,0.80216427]
Precisions
[0.77899006,0.78287617,0.78782045,0.78694539,0.77623921,0.78281003,0.7854033,0.77811863,0.77802151,0.77854136,0.78358669,0.77238877,0.78089374,0.77779667,0.77831768,0.77069258,0.79326468,0.79093088,0.78540771,0.78562132,0.78090574,0.77655662,0.77973247,0.77555203,0.78741733,0.7686445,0.78310249,0.78099846,0.78741143,0.78512,0.78782364,0.78662071,0.77618208,0.77765709,0.78304183,0.77702738,0.77325196,0.7858085,0.77850998,0.78558336,0.77783892,0.76819905,0.78210104,0.76927013,0.77751625,0.78040086,0.77302159,0.78597435,0.78659713,0.79220362,0.77656164,0.78512492,0.77546272,0.77915353,0.78254165,0.76788555,0.79140683,0.77764549,0.78304837,0.78231931,0.78955883,0.77776287,0.76917502,0.77386944,0.7823507,0.78429247,0.77678998,0.77961901,0.77094276,0.78167272,0.7836479,0.77799084,0.77692011,0.7802115,0.77608414,0.77705125,0.78157122,0.77618928,0.76529591,0.77773311,0.76961137,0.78542594,0.77633453,0.77549728,0.78472653,0.78211356,0.77083978,0.7844015,0.78635925,0.78772012,0.77617417,0.78129527,0.77927324,0.78100103,0.76801731,0.79291909,0.78479174,0.78960559,0.77573099,0.77473682]
F1s
[0.59157271,0.60106395,0.5994079,0.60263804,0.59187804,0.5950059,0.59829436,0.59528033,0.58689556,0.59710055,0.59758896,0.5915264,0.60207386,0.59385575,0.59046905,0.60178518,0.59864111,0.60157218,0.60507768,0.59948458,0.59657044,0.59951745,0.59671838,0.59223026,0.60538807,0.59355864,0.59740876,0.59545238,0.60312293,0.59609941,0.60113222,0.59780579,0.59428461,0.59214947,0.5958571,0.59493192,0.59159634,0.60263487,0.59531249,0.60300092,0.60021637,0.59200008,0.60193651,0.59049016,0.60165013,0.60336015,0.594644,0.60257782,0.59929588,0.60651453,0.59490346,0.59446094,0.60649906,0.59627604,0.59773815,0.58756455,0.60675072,0.60555828,0.59791049,0.59445374,0.60077656,0.59542669,0.59414233,0.5920848,0.59986004,0.59926682,0.59566369,0.59915138,0.60202194,0.59600567,0.60462873,0.59749674,0.59481789,0.6003,0.5967868,0.60192265,0.60026381,0.60067708,0.58201232,0.58857248,0.59626523,0.60852121,0.59955371,0.59413125,0.60255485,0.59822885,0.58033923,0.59784579,0.60052395,0.60455228,0.60176266,0.5944351,0.59293668,0.59777903,0.59558035,0.60276994,0.59758667,0.59885854,0.58638663,0.59132206]
Number of features used
[30.,30.,30.,30.,30.,30.,30.,30.,30.,30.,30.,30.,30.,30.,30.,30.,30.,30.,30.,30.,30.,30.,30.,30.,30.,30.,30.,30.,30.,30.,30.,30.,30.,30.,30.,30.,30.,30.,30.,30.,30.,30.,30.,30.,30.,30.,30.,30.,30.,30.,30.,30.,30.,30.,30.,30.,30.,30.,30.,30.,30.,30.,30.,30.,30.,30.,30.,30.,30.,30.,30.,30.,30.,30.,30.,30.,30.,30.,30.,30.,30.,30.,30.,30.,30.,30.,30.,30.,30.,30.,30.,30.,30.,30.,30.,30.,30.,30.,30.,30.]
Mean Feature importances Across Runs
[,nan,nan,0.0589,nan,nan,nan,nan,nan,nan,nan,nan,nan,nan,nan
,nan,nan,nan,nan,nan,nan,nan,nan,nan,nan,nan,nan,nan,nan
,nan,nan,nan,nan,nan,nan,nan,nan,nan,nan,nan,nan,nan,nan
,nan,nan,nan,nan,nan,nan,nan,nan,nan,nan,nan,nan,nan,nan
,nan,nan,nan,nan,nan,nan,nan,nan,nan,nan,nan,nan,nan,nan
,nan,nan,nan,nan,0.031,nan,0.0131,nan,nan,nan,nan,0.0445,nan,nan
,nan,nan,nan,nan,nan,nan,nan,nan,nan,nan,nan,nan,nan,nan
,nan,0.0449,nan,nan,nan,nan,nan,nan,nan,nan,nan,nan,nan,nan
,nan,nan,nan,nan,nan,nan,nan,nan,nan,nan,nan,nan,nan,nan
,nan,nan,nan,nan,nan,nan,nan,nan,nan,nan,nan,nan,nan,nan
,nan,nan,nan,nan,nan,nan,nan,nan,nan,nan,nan,nan,nan,nan
,nan,nan,nan,nan,nan,nan,nan,nan,nan,nan,nan,nan,nan,nan
,nan,nan,nan,nan,nan,nan,nan,nan,nan,nan,nan,nan,nan,nan
,nan,nan,nan,nan,nan,nan,nan,nan,nan,nan,nan,nan,nan,nan
,nan,nan,nan,nan,nan,nan,nan,nan,nan,nan,nan,nan,nan,nan
,nan,nan,nan,nan,nan,nan,nan,nan,nan,nan,nan,nan,nan,nan
,nan,nan,nan,nan,nan,nan,nan,nan,nan,nan,nan,nan,nan,nan
,nan,nan,nan,nan,nan,nan,nan,nan,nan,nan,nan,nan,nan,nan
,nan,nan,nan,nan,nan,nan,nan,nan,nan,nan,nan,nan,nan,nan
,nan,nan,nan,nan,nan,nan,nan,nan,nan,0.057,nan,nan,nan,nan
,nan,nan,nan,nan,nan,nan,nan,nan,nan,nan,nan,nan,nan,nan
,nan,nan,nan,nan,nan,nan,nan,nan,nan,nan,nan,nan,nan,nan
,nan,nan,nan,nan,nan,nan,nan,nan,nan,nan,nan,nan,nan,nan
,nan,nan,nan,nan,nan,nan,nan,nan,nan,nan,nan,nan,nan,nan
,nan,nan,nan,nan,nan,nan,nan,nan,nan,nan,nan,nan,nan,nan
,nan,nan,nan,nan,nan,nan,nan,nan,nan,nan,nan,nan,nan,nan
,nan,nan,nan,nan,nan,nan,nan,nan,nan,nan,nan,nan,nan,nan
,nan,0.0698,nan,nan,nan,nan,nan,nan,nan,nan,nan,nan,nan,nan
,nan,nan,nan,nan,nan,nan,nan,nan,nan,nan,nan,nan,nan,nan
,nan,nan,nan,nan,nan,nan,nan,0.0491,nan,nan,nan,nan,nan,nan
,nan,nan,nan,nan,nan,nan,0.076,nan,nan,nan,nan,nan,nan,nan
,nan,nan,nan,nan,nan,nan,nan,nan,nan,nan,nan,nan,nan,nan
,nan,nan,nan,nan,0.0242,nan,nan,0.0238,nan,0.0167,0.0129,0.0288,0.0206,nan
,nan,nan,nan,nan,0.0483,nan,nan,nan,nan,nan,nan,nan,nan,nan
,nan,nan,nan,nan]
Mean Feature importances std. deviation Across Runs
[,nan,nan,0.0006,nan,nan,nan,nan,nan,nan,nan,nan,nan,nan,nan
,nan,nan,nan,nan,nan,nan,nan,nan,nan,nan,nan,nan,nan,nan
,nan,nan,nan,nan,nan,nan,nan,nan,nan,nan,nan,nan,nan,nan
,nan,nan,nan,nan,nan,nan,nan,nan,nan,nan,nan,nan,nan,nan
,nan,nan,nan,nan,nan,nan,nan,nan,nan,nan,nan,nan,nan,nan
,nan,nan,nan,nan,0.0003,nan,0.0002,nan,nan,nan,nan,0.0005,nan,nan
,nan,nan,nan,nan,nan,nan,nan,nan,nan,nan,nan,nan,nan,nan
,nan,0.0006,nan,nan,nan,nan,nan,nan,nan,nan,nan,nan,nan,nan
,nan,nan,nan,nan,nan,nan,nan,nan,nan,nan,nan,nan,nan,nan
,nan,nan,nan,nan,nan,nan,nan,nan,nan,nan,nan,nan,nan,nan
,nan,nan,nan,nan,nan,nan,nan,nan,nan,nan,nan,nan,nan,nan
,nan,nan,nan,nan,nan,nan,nan,nan,nan,nan,nan,nan,nan,nan
,nan,nan,nan,nan,nan,nan,nan,nan,nan,nan,nan,nan,nan,nan
,nan,nan,nan,nan,nan,nan,nan,nan,nan,nan,nan,nan,nan,nan
,nan,nan,nan,nan,nan,nan,nan,nan,nan,nan,nan,nan,nan,nan
,nan,nan,nan,nan,nan,nan,nan,nan,nan,nan,nan,nan,nan,nan
,nan,nan,nan,nan,nan,nan,nan,nan,nan,nan,nan,nan,nan,nan
,nan,nan,nan,nan,nan,nan,nan,nan,nan,nan,nan,nan,nan,nan
,nan,nan,nan,nan,nan,nan,nan,nan,nan,nan,nan,nan,nan,nan
,nan,nan,nan,nan,nan,nan,nan,nan,nan,0.0006,nan,nan,nan,nan
,nan,nan,nan,nan,nan,nan,nan,nan,nan,nan,nan,nan,nan,nan
,nan,nan,nan,nan,nan,nan,nan,nan,nan,nan,nan,nan,nan,nan
,nan,nan,nan,nan,nan,nan,nan,nan,nan,nan,nan,nan,nan,nan
,nan,nan,nan,nan,nan,nan,nan,nan,nan,nan,nan,nan,nan,nan
,nan,nan,nan,nan,nan,nan,nan,nan,nan,nan,nan,nan,nan,nan
,nan,nan,nan,nan,nan,nan,nan,nan,nan,nan,nan,nan,nan,nan
,nan,nan,nan,nan,nan,nan,nan,nan,nan,nan,nan,nan,nan,nan
,nan,0.0023,nan,nan,nan,nan,nan,nan,nan,nan,nan,nan,nan,nan
,nan,nan,nan,nan,nan,nan,nan,nan,nan,nan,nan,nan,nan,nan
,nan,nan,nan,nan,nan,nan,nan,0.0006,nan,nan,nan,nan,nan,nan
,nan,nan,nan,nan,nan,nan,0.0007,nan,nan,nan,nan,nan,nan,nan
,nan,nan,nan,nan,nan,nan,nan,nan,nan,nan,nan,nan,nan,nan
,nan,nan,nan,nan,0.0002,nan,nan,0.0002,nan,0.0002,0.0002,0.0009,0.0003,nan
,nan,nan,nan,nan,0.0006,nan,nan,nan,nan,nan,nan,nan,nan,nan
,nan,nan,nan,nan]
