MODEL RESULTS for run at: cv_rf_100_X_full_trd_y_all_trd_elas_20200726-0505.txt

Model Parameters:-----------------------------------
Evaluation: cv
Model: rf
Feature selection: elas
X is: C:\Users\jjnun\Documents\Sync\Research\1_CANBIND Replication\teyden-git\data\final_datasets\to_run_20200311\1_Replication\X_lvl2_rem_qids01__final.csv
y is: C:\Users\jjnun\Documents\Sync\Research\1_CANBIND Replication\teyden-git\data\final_datasets\to_run_20200311\1_Replication\y_lvl2_rem_qids01__final.csv
100 runs of 10-fold CV

Summary of Results:------------------------------------
Mean accuracy is: 0.7054, with Standard Deviation: 0.006045
Mean balanced accuracy is: 0.7204, with Standard Deviation: 0.006987
Mean AUC is: 0.7880, with Standard Deviation: 0.006049
Mean sensitivty is: 0.7543, with Standard Deviation: 0.012340
Mean specificty is: 0.6865, with Standard Deviation: 0.007424
Mean precision is: 0.4813, with Standard Deviation: 0.006976
Mean f1 is: 0.5863, with Standard Deviation: 0.0079
Mean true positive is: 0.2099, with Standard Deviation: 0.003322
Mean false positive is: 0.2263, with Standard Deviation: 0.005322
Mean true negative is: 0.4955, with Standard Deviation: 0.005322
Mean false negative is: 0.0683, with Standard Deviation: 0.003322
Mean number of features used is: 30.9711 of 480, with Standard Deviation: 0.0304

Feature Importance And Use:---------------------------
Top 30 Features by importance, in descending order (1st most important):
By position in data matrix, 1 added to skip index=0 
[480 169 157 158 159 160 161 162 163 164 165 166 167 168 170 155 171 172
 173 174 175 176 177 178 179 180 181 182 156 154]
imput_qidscpccg

pdsq01__teblk
pdsq01__apt2y
pdsq01__slp2y
pdsq01__trd2y
pdsq01__cd2y
pdsq01__low2y
pdsq01__hpl2y
pdsq01__trexp
pdsq01__trwit
pdsq01__tetht
pdsq01__teups
pdsq01__temem
pdsq01__tedis
pdsq01__termd
pdsq01__spf2w
pdsq01__tefsh
pdsq01__teshk
pdsq01__tedst
pdsq01__tenmb
pdsq01__tegug
pdsq01__tegrd
pdsq01__tejmp
pdsq01__ebnge
pdsq01__ebcrl
pdsq01__ebfl
pdsq01__ebhgy
pdsq01__ebaln
pdsq01__sad2y
pdsq01__ser2w

Statistical Significance:----------------------------
Raw results:----------------------------------------
Accuracies
[0.69801587,0.70634921,0.71468254,0.70436508,0.70992063,0.69880952,0.69761905,0.70833333,0.69761905,0.70634921,0.70952381,0.70396825,0.7031746,0.7,0.69444444,0.71031746,0.70634921,0.71785714,0.71269841,0.70357143,0.70992063,0.71150794,0.7047619,0.71309524,0.7031746,0.70515873,0.69801587,0.70436508,0.71428571,0.70674603,0.70198413,0.71150794,0.70515873,0.70793651,0.70436508,0.70555556,0.71031746,0.7015873,0.70198413,0.7015873,0.71031746,0.71150794,0.70277778,0.69603175,0.69761905,0.7047619,0.70753968,0.71111111,0.69642857,0.70515873,0.71150794,0.70674603,0.70674603,0.69484127,0.70634921,0.69722222,0.69920635,0.69722222,0.70238095,0.71071429,0.69920635,0.69920635,0.70714286,0.71388889,0.69642857,0.70634921,0.71190476,0.70793651,0.70238095,0.7015873,0.70753968,0.7218254,0.7031746,0.7031746,0.70436508,0.71349206,0.70198413,0.70357143,0.70277778,0.70039683,0.69563492,0.71428571,0.7015873,0.71746032,0.71071429,0.72460317,0.70753968,0.70238095,0.71388889,0.70595238,0.7,0.70357143,0.69603175,0.70595238,0.69563492,0.71111111,0.7015873,0.71150794,0.7031746,0.70357143]
Balanced Accuracies
[0.70831718,0.72093447,0.73497437,0.7185227,0.73328662,0.71637298,0.70711599,0.72292751,0.70541573,0.72038486,0.72350141,0.71045109,0.72227671,0.71601783,0.71246195,0.72476729,0.71613793,0.72925364,0.72800305,0.71831822,0.72354365,0.72705415,0.72527736,0.72583425,0.71976373,0.7226378,0.71845335,0.71751279,0.72775764,0.72399715,0.71507032,0.7229824,0.72275896,0.7249743,0.71917192,0.7158372,0.73301968,0.71397659,0.71647693,0.71268557,0.72262892,0.72343228,0.70976735,0.71708946,0.71074049,0.72159909,0.7204294,0.73067738,0.71278707,0.71986461,0.72967628,0.73026652,0.71969587,0.71187955,0.72179882,0.71562955,0.71779999,0.71524033,0.72122875,0.72549709,0.71360419,0.71803279,0.72256532,0.72187389,0.71337344,0.72546262,0.72523225,0.7225298,0.71397475,0.71792822,0.7209737,0.74209071,0.71870794,0.71572583,0.7187811,0.7287898,0.71396235,0.72240308,0.72066055,0.71895995,0.70416374,0.72870674,0.71446761,0.73474295,0.72802273,0.74178775,0.71912934,0.71481101,0.72645499,0.72399295,0.71607082,0.71426397,0.71098376,0.72181642,0.71215041,0.72542177,0.71680094,0.72066658,0.71885373,0.71633394]
AUCs
[0.78240492,0.78479572,0.796139,0.78598922,0.79523834,0.78685249,0.78538167,0.78782735,0.77714791,0.78738486,0.79023885,0.79307152,0.79263083,0.77793423,0.78487439,0.7892257,0.78841568,0.79097323,0.78843081,0.78674305,0.78481556,0.79347287,0.78830725,0.78996004,0.78326025,0.7919872,0.79196689,0.78772496,0.79614525,0.79132945,0.78209428,0.78925626,0.79659152,0.79301423,0.7860784,0.79062531,0.79877303,0.78455842,0.78922848,0.78743258,0.78905037,0.78379817,0.77950841,0.78676586,0.77543689,0.77943042,0.7949298,0.7908234,0.77773466,0.79190134,0.79598002,0.80292528,0.78951897,0.77765619,0.79267048,0.7881121,0.78412683,0.77072892,0.79038839,0.79255783,0.77999157,0.78781651,0.79930116,0.79471265,0.77934073,0.7843356,0.78708117,0.79060112,0.78757518,0.78866079,0.788879,0.80231167,0.78485267,0.77640474,0.79191206,0.79095109,0.79495001,0.79163254,0.78638064,0.78689142,0.77799215,0.79253209,0.78183562,0.80008434,0.7899772,0.7949584,0.78729999,0.78379669,0.79093678,0.78765977,0.78410433,0.77992708,0.78178145,0.78076098,0.77744804,0.78975384,0.79281025,0.79218851,0.78862056,0.78760863]
Sensitivites
[0.73182814,0.75478243,0.78112064,0.75049922,0.78653513,0.75711053,0.72842938,0.75474464,0.72369441,0.75224525,0.75349215,0.72821682,0.76527182,0.75385609,0.75360844,0.75619188,0.73876943,0.75454863,0.76317423,0.75328554,0.75499443,0.75782889,0.76999576,0.75547033,0.75666265,0.76035588,0.76317845,0.74659427,0.75503598,0.7639294,0.74512482,0.74934858,0.76249967,0.76357662,0.75273428,0.74223314,0.78270008,0.74421371,0.7487224,0.74017738,0.75171265,0.75090709,0.72625548,0.76327377,0.7392925,0.75995079,0.7474016,0.77361093,0.75171698,0.75358406,0.77151069,0.78094181,0.74873094,0.75041331,0.75498094,0.7554489,0.75924934,0.75505331,0.76140274,0.76135725,0.74529876,0.76021866,0.75653872,0.73989783,0.753331,0.76880491,0.7549866,0.75363289,0.7386787,0.75300075,0.75234255,0.78810773,0.7522744,0.74645802,0.7504317,0.76265612,0.74258219,0.76383068,0.76113582,0.75905185,0.72679942,0.75990147,0.74480285,0.77358374,0.76813952,0.77916562,0.74464347,0.74378515,0.75513276,0.76473886,0.75290674,0.73932344,0.74408899,0.75642423,0.74996783,0.75913022,0.75265836,0.74186711,0.75580332,0.74525218]
Specificities
[0.68480623,0.68708651,0.68882811,0.68654618,0.68003811,0.67563543,0.68580261,0.69111039,0.68713705,0.68852447,0.69351066,0.69268536,0.67928161,0.67817958,0.67131546,0.6933427,0.69350643,0.70395866,0.69283187,0.6833509,0.69209288,0.6962794,0.68055896,0.69619816,0.68286481,0.68491973,0.67372825,0.68843132,0.7004793,0.68406491,0.68501582,0.69661622,0.68301825,0.68637198,0.68560955,0.68944126,0.68333928,0.68373947,0.68423145,0.68519376,0.69354518,0.69595747,0.69327923,0.67090515,0.68218848,0.68324739,0.6934572,0.68774383,0.67385717,0.68614516,0.68784186,0.67959122,0.69066081,0.6733458,0.6886167,0.67581019,0.67635065,0.67542734,0.68105477,0.68963693,0.68190963,0.67584693,0.68859193,0.70384995,0.67341588,0.68212033,0.69547789,0.69142671,0.6892708,0.68285569,0.68960485,0.69607369,0.68514148,0.68499363,0.6871305,0.69492348,0.68534252,0.68097547,0.68018528,0.67886804,0.68152806,0.69751201,0.68413236,0.69590217,0.68790594,0.70440988,0.69361521,0.68583687,0.69777722,0.68324704,0.67923491,0.68920449,0.67787853,0.6872086,0.67433299,0.69171333,0.68094351,0.69946605,0.68190414,0.6874157,]
Precisions
[0.47225617,0.48288022,0.49121602,0.47988628,0.48652716,0.47260342,0.47160351,0.48592556,0.47056888,0.48311724,0.48668098,0.47562756,0.4780554,0.47404023,0.46964063,0.48649841,0.48303608,0.49552971,0.48914851,0.47893421,0.4852738,0.48950743,0.4820167,0.48979389,0.48103706,0.48259802,0.47410549,0.48037044,0.49342713,0.48195231,0.47681244,0.48704912,0.4808129,0.48550906,0.48027648,0.47906047,0.48757947,0.47592654,0.47830393,0.4756931,0.48520371,0.48743696,0.47519337,0.47231777,0.47226987,0.47966083,0.48564833,0.48681819,0.4715181,0.479488,0.488682,0.48506632,0.48271405,0.46883214,0.48202245,0.47228133,0.47612213,0.47293094,0.48144501,0.48543492,0.47426285,0.47528388,0.48258248,0.49045346,0.47093081,0.48391302,0.49104852,0.48396335,0.47915498,0.4780563,0.48241755,0.49969989,0.48001124,0.47782338,0.47955577,0.49026832,0.47676774,0.48096887,0.47916233,0.4775803,0.46743136,0.49180014,0.47631658,0.4946509,0.48606137,0.50406561,0.48241425,0.47836356,0.49072545,0.48209875,0.47602454,0.47869247,0.47126372,0.4843841,0.46964196,0.48717257,0.47623154,0.48718938,0.478062,0.47919032]
F1s
[0.572562,0.58807135,0.60228324,0.58403348,0.60036672,0.5811666,0.57144736,0.58955699,0.56983882,0.58749734,0.5895626,0.57458056,0.58710313,0.58085699,0.57787097,0.59074767,0.5816299,0.5965884,0.59485916,0.58484263,0.59011188,0.59142329,0.59122807,0.59349906,0.58649388,0.58938846,0.58383266,0.58364594,0.59417124,0.58999785,0.57949043,0.58935447,0.58814778,0.59233857,0.58557609,0.58183563,0.59957158,0.57966235,0.58272474,0.57783145,0.58924162,0.59025868,0.57252173,0.5823954,0.57466762,0.58666896,0.58642436,0.59617738,0.57830367,0.58446918,0.59742629,0.59602054,0.58571495,0.57468363,0.5861915,0.57960485,0.58273597,0.58055862,0.58678365,0.59216239,0.57832978,0.58342679,0.58640236,0.58849128,0.57843326,0.59301918,0.59310848,0.58775383,0.57906231,0.58324505,0.58622821,0.61071939,0.58432755,0.58184346,0.58409388,0.59541525,0.58010467,0.58841044,0.58763065,0.58483088,0.56805736,0.59541128,0.57995793,0.60244691,0.59456605,0.6104519,0.58465805,0.58120678,0.59350301,0.59096639,0.58249493,0.58002083,0.57576949,0.58864671,0.57539515,0.59294193,0.58254839,0.5875159,0.5851137,0.58233183]
Number of features used
[30.99666667,30.93666667,31.,30.97333333,30.98,30.97333333,30.88,30.94,30.94333333,31.,30.98333333,30.99333333,31.,30.91666667,30.97666667,30.9,30.98,30.94,31.,30.98,30.93333333,31.,30.96,30.99666667,30.94,30.99666667,31.,30.99,31.,31.,30.96666667,30.99666667,30.93666667,30.94666667,30.99333333,30.98333333,30.97333333,30.94333333,30.98666667,31.,31.,30.92333333,30.99333333,30.96,30.90666667,30.96333333,31.,31.,30.89333333,30.99666667,30.97333333,30.98,31.,30.92333333,30.99,30.97333333,30.94666667,30.97666667,30.96666667,30.96,30.96,30.93,30.99666667,31.,30.89,30.95333333,31.,31.,30.98333333,30.97333333,30.99,30.96666667,30.96666667,30.95333333,30.96666667,31.,30.96,30.96666667,30.95333333,30.97666667,31.,30.97666667,30.92333333,31.,31.,31.,30.99666667,30.98,31.,31.,30.88,30.99333333,30.98333333,30.98,30.92666667,30.99333333,30.99,30.99,30.97333333,30.97666667]
Mean Feature importances Across Runs
[,nan,nan,nan,nan,nan,nan,nan,nan,nan,nan,nan,nan,nan,nan
,nan,0.0171,nan,nan,nan,nan,nan,0.0214,nan,nan,0.0354,0.0067,0.0068,nan
,nan,nan,nan,nan,nan,nan,nan,nan,nan,nan,nan,nan,nan,nan
,nan,nan,nan,nan,nan,nan,nan,nan,nan,nan,nan,nan,nan,nan
,nan,nan,0.038,nan,nan,0.0101,nan,nan,nan,nan,nan,nan,nan,nan
,nan,nan,nan,nan,nan,nan,nan,nan,nan,nan,nan,nan,nan,nan
,nan,nan,nan,nan,nan,nan,nan,nan,nan,nan,nan,nan,nan,nan
,nan,nan,nan,nan,nan,nan,nan,nan,nan,nan,nan,nan,nan,nan
,nan,nan,nan,nan,nan,nan,nan,nan,nan,nan,nan,nan,nan,nan
,nan,nan,nan,nan,nan,nan,nan,nan,nan,nan,nan,nan,nan,nan
,nan,nan,nan,nan,nan,nan,nan,nan,nan,nan,nan,nan,nan,nan
,nan,nan,nan,nan,nan,nan,nan,nan,nan,nan,nan,nan,nan,nan
,nan,nan,nan,nan,nan,nan,nan,nan,nan,nan,nan,nan,nan,nan
,nan,nan,nan,nan,nan,nan,nan,nan,nan,nan,nan,nan,nan,nan
,nan,nan,nan,nan,nan,nan,nan,nan,nan,nan,nan,nan,nan,nan
,nan,nan,nan,nan,nan,nan,nan,nan,nan,nan,0.0215,nan,nan,nan
,nan,nan,nan,nan,nan,nan,nan,nan,nan,nan,nan,nan,nan,nan
,nan,nan,nan,nan,nan,nan,nan,nan,nan,nan,nan,nan,nan,nan
,nan,nan,nan,nan,nan,nan,nan,nan,nan,nan,nan,nan,nan,nan
,nan,nan,nan,nan,nan,nan,nan,nan,nan,nan,nan,nan,nan,nan
,nan,nan,0.0084,nan,nan,nan,nan,nan,nan,nan,nan,nan,nan,0.0024
,nan,nan,nan,nan,nan,nan,nan,nan,nan,nan,nan,nan,nan,nan
,nan,nan,nan,nan,nan,nan,nan,nan,nan,nan,nan,nan,nan,nan
,nan,nan,nan,nan,nan,nan,nan,nan,nan,nan,nan,nan,nan,nan
,nan,nan,nan,nan,nan,nan,nan,nan,nan,nan,nan,nan,nan,nan
,nan,nan,nan,nan,nan,nan,nan,nan,nan,nan,nan,nan,nan,nan
,nan,nan,nan,0.0871,nan,nan,nan,nan,nan,nan,nan,nan,nan,nan
,nan,nan,nan,nan,nan,nan,nan,nan,nan,nan,nan,nan,nan,nan
,nan,nan,nan,nan,nan,nan,nan,nan,nan,nan,nan,nan,nan,nan
,nan,nan,nan,nan,nan,nan,nan,nan,nan,nan,0.0535,nan,nan,nan
,nan,nan,nan,nan,nan,nan,nan,nan,nan,nan,nan,nan,nan,nan
,nan,nan,nan,nan,nan,nan,nan,nan,nan,nan,nan,nan,nan,nan
,nan,nan,nan,nan,nan,nan,nan,nan,nan,nan,nan,nan,nan,nan
,nan,nan,nan,nan,nan,nan,nan,nan,nan,nan,nan,nan,nan,nan
,nan,nan,nan,nan]
Mean Feature importances std. deviation Across Runs
[,nan,nan,nan,nan,nan,nan,nan,nan,nan,nan,nan,nan,nan,nan
,nan,0.0018,nan,nan,nan,nan,nan,0.0007,nan,nan,0.0749,0.0002,0.0002,nan
,nan,nan,nan,nan,nan,nan,nan,nan,nan,nan,nan,nan,nan,nan
,nan,nan,nan,nan,nan,nan,nan,nan,nan,nan,nan,nan,nan,nan
,nan,nan,0.0011,nan,nan,0.0004,nan,nan,nan,nan,nan,nan,nan,nan
,nan,nan,nan,nan,nan,nan,nan,nan,nan,nan,nan,nan,nan,nan
,nan,nan,nan,nan,nan,nan,nan,nan,nan,nan,nan,nan,nan,nan
,nan,nan,nan,nan,nan,nan,nan,nan,nan,nan,nan,nan,nan,nan
,nan,nan,nan,nan,nan,nan,nan,nan,nan,nan,nan,nan,nan,nan
,nan,nan,nan,nan,nan,nan,nan,nan,nan,nan,nan,nan,nan,nan
,nan,nan,nan,nan,nan,nan,nan,nan,nan,nan,nan,nan,nan,nan
,nan,nan,nan,nan,nan,nan,nan,nan,nan,nan,nan,nan,nan,nan
,nan,nan,nan,nan,nan,nan,nan,nan,nan,nan,nan,nan,nan,nan
,nan,nan,nan,nan,nan,nan,nan,nan,nan,nan,nan,nan,nan,nan
,nan,nan,nan,nan,nan,nan,nan,nan,nan,nan,nan,nan,nan,nan
,nan,nan,nan,nan,nan,nan,nan,nan,nan,nan,0.0009,nan,nan,nan
,nan,nan,nan,nan,nan,nan,nan,nan,nan,nan,nan,nan,nan,nan
,nan,nan,nan,nan,nan,nan,nan,nan,nan,nan,nan,nan,nan,nan
,nan,nan,nan,nan,nan,nan,nan,nan,nan,nan,nan,nan,nan,nan
,nan,nan,nan,nan,nan,nan,nan,nan,nan,nan,nan,nan,nan,nan
,nan,nan,0.02,nan,nan,nan,nan,nan,nan,nan,nan,nan,nan,0.0002
,nan,nan,nan,nan,nan,nan,nan,nan,nan,nan,nan,nan,nan,nan
,nan,nan,nan,nan,nan,nan,nan,nan,nan,nan,nan,nan,nan,nan
,nan,nan,nan,nan,nan,nan,nan,nan,nan,nan,nan,nan,nan,nan
,nan,nan,nan,nan,nan,nan,nan,nan,nan,nan,nan,nan,nan,nan
,nan,nan,nan,nan,nan,nan,nan,nan,nan,nan,nan,nan,nan,nan
,nan,nan,nan,0.004,nan,nan,nan,nan,nan,nan,nan,nan,nan,nan
,nan,nan,nan,nan,nan,nan,nan,nan,nan,nan,nan,nan,nan,nan
,nan,nan,nan,nan,nan,nan,nan,nan,nan,nan,nan,nan,nan,nan
,nan,nan,nan,nan,nan,nan,nan,nan,nan,nan,0.0558,nan,nan,nan
,nan,nan,nan,nan,nan,nan,nan,nan,nan,nan,nan,nan,nan,nan
,nan,nan,nan,nan,nan,nan,nan,nan,nan,nan,nan,nan,nan,nan
,nan,nan,nan,nan,nan,nan,nan,nan,nan,nan,nan,nan,nan,nan
,nan,nan,nan,nan,nan,nan,nan,nan,nan,nan,nan,nan,nan,nan
,nan,nan,nan,nan]
