MODEL RESULTS for run at: cv_xgbt_100_X_full_trd_y_all_trd_all_20201002-1117.txt

Model Parameters:-----------------------------------
Evaluation: cv
Model: xgbt
Feature selection: all
X is: C:\Users\jjnun\Documents\Sync\Research\1_CANBIND_Replication\teyden-git\data\final_datasets\to_run_20200311\1_Replication\X_lvl2_rem_qids01__final.csv
y is: C:\Users\jjnun\Documents\Sync\Research\1_CANBIND_Replication\teyden-git\data\final_datasets\to_run_20200311\1_Replication\y_lvl2_rem_qids01__final.csv
100 runs of 10-fold CV

Summary of Results:------------------------------------
Mean accuracy is: 0.6794, with Standard Deviation: 0.006944
Mean balanced accuracy is: 0.7069, with Standard Deviation: 0.006451
Mean AUC is: 0.7730, with Standard Deviation: 0.004885
Mean sensitivty is: 0.7690, with Standard Deviation: 0.012918
Mean specificty is: 0.6448, with Standard Deviation: 0.010408
Mean precision is: 0.4557, with Standard Deviation: 0.006651
Mean f1 is: 0.5705, with Standard Deviation: 0.0069
Mean true positive is: 0.2140, with Standard Deviation: 0.003511
Mean false positive is: 0.2564, with Standard Deviation: 0.007557
Mean true negative is: 0.4654, with Standard Deviation: 0.007557
Mean false negative is: 0.0642, with Standard Deviation: 0.003511
Mean number of features used is: 0.0000 of 480, with Standard Deviation: 0.0000

Feature Importance And Use:---------------------------
Top 30 Features by importance, in descending order (1st most important):
By position in data matrix, 1 added to skip index=0 
Code does not support feature for this model at this time
Statistical Significance:----------------------------
Raw results:----------------------------------------
Accuracies
[0.69047619,0.67380952,0.6734127,0.6765873,0.68769841,0.68253968,0.68174603,0.68174603,0.68769841,0.67420635,0.68333333,0.69126984,0.67619048,0.68015873,0.67460317,0.67063492,0.6781746,0.6797619,0.66865079,0.68531746,0.68134921,0.67579365,0.68293651,0.68214286,0.67777778,0.67579365,0.67896825,0.68015873,0.67063492,0.68452381,0.69285714,0.68968254,0.68055556,0.68134921,0.67063492,0.6797619,0.67896825,0.68531746,0.68253968,0.68809524,0.68293651,0.67777778,0.67301587,0.68134921,0.6734127,0.67698413,0.6781746,0.68253968,0.68015873,0.68690476,0.68015873,0.68055556,0.6702381,0.69166667,0.69126984,0.66547619,0.68055556,0.67896825,0.67142857,0.6734127,0.6984127,0.68015873,0.67460317,0.68134921,0.68849206,0.67857143,0.67460317,0.68214286,0.68293651,0.67539683,0.6718254,0.6781746,0.68373016,0.68253968,0.675,0.6718254,0.6797619,0.67420635,0.66984127,0.67777778,0.68730159,0.66507937,0.68571429,0.68412698,0.6765873,0.67261905,0.68333333,0.6734127,0.66785714,0.66785714,0.68015873,0.65793651,0.69166667,0.68452381,0.69007937,0.66944444,0.68015873,0.68095238,0.69126984,0.675,]
Balanced Accuracies
[0.71627854,0.70625018,0.70584405,0.70025459,0.714911,0.71177893,0.70345801,0.71241916,0.71751844,0.69492894,0.71367283,0.71009792,0.70956874,0.70499044,0.70328763,0.69511222,0.71131518,0.70845957,0.6934064,0.71314558,0.7072845,0.70890607,0.70903076,0.71276811,0.70892658,0.70361652,0.7048402,0.70394904,0.70027721,0.71315411,0.72149875,0.71246164,0.71455316,0.71670576,0.69425065,0.71006566,0.71200233,0.71624289,0.71350822,0.71258768,0.70911749,0.7035387,0.6968247,0.70530818,0.7062005,0.70164904,0.71652395,0.70234849,0.70583787,0.72112817,0.71426913,0.70851558,0.70380191,0.7144588,0.71340025,0.6910589,0.70578602,0.70393431,0.70046427,0.70563151,0.71500705,0.7042574,0.7021207,0.71310752,0.71107911,0.7097686,0.7032122,0.70548763,0.70615956,0.70273713,0.69872536,0.71106956,0.7079957,0.7062133,0.70453686,0.70777782,0.70462557,0.70428066,0.69718215,0.70454704,0.70774767,0.69577977,0.71872369,0.71193252,0.70060008,0.70616388,0.70675322,0.70406544,0.6966468,0.70082188,0.70460169,0.69318703,0.71541434,0.7025011,0.70917134,0.69664458,0.70038546,0.709801,0.7095281,0.70571374]
AUCs
[0.77885499,0.77431911,0.77461233,0.77197528,0.77330461,0.77813977,0.77015465,0.76904922,0.78376,0.7653568,0.77084681,0.76921467,0.78063565,0.77070678,0.76576289,0.76511185,0.77358039,0.77425348,0.76552771,0.77657126,0.77492229,0.7768422,0.77317638,0.77686708,0.77430968,0.77156623,0.76921159,0.77120072,0.76589478,0.77510629,0.78069147,0.76737582,0.78007621,0.78752315,0.76667814,0.77504969,0.77673062,0.77915236,0.77508677,0.77670068,0.77243079,0.77146951,0.76991912,0.77803205,0.77160672,0.77221259,0.78470301,0.77680737,0.76823188,0.77983795,0.7772155,0.77208522,0.77431901,0.77888762,0.78195423,0.76380086,0.76601793,0.76964243,0.76849616,0.7691718,0.77853303,0.7768464,0.776361,0.77408246,0.77577949,0.76981291,0.77454169,0.77277026,0.76875686,0.76877337,0.76603941,0.78089035,0.76828872,0.77211645,0.77358506,0.76134293,0.77528603,0.77413426,0.76502193,0.77225314,0.77119011,0.76690058,0.77604337,0.77304881,0.77417279,0.77002848,0.77512983,0.77238425,0.76786131,0.76697053,0.76980954,0.77260982,0.77809259,0.7701093,0.77755693,0.76879757,0.77405165,0.76827608,0.77667542,0.77382563]
Sensitivites
[0.77590729,0.77837253,0.77824923,0.75446478,0.77616338,0.7770766,0.75205882,0.78051877,0.78379753,0.74298122,0.78396686,0.75350204,0.78466664,0.76134514,0.76723092,0.75055223,0.78503256,0.77396171,0.7507878,0.77573192,0.76389253,0.78137184,0.76759176,0.77998884,0.78094601,0.76703098,0.76533236,0.75988109,0.76505088,0.77842117,0.78580352,0.76435391,0.78914436,0.79463797,0.74745302,0.7783225,0.78690543,0.78633658,0.78274367,0.76784498,0.77088839,0.76060668,0.74943273,0.75995049,0.78072203,0.75691625,0.80147621,0.74448474,0.7677767,0.79705507,0.79039354,0.77179226,0.77817483,0.76661338,0.76449773,0.75065339,0.76032613,0.76045356,0.76507814,0.77683725,0.75221293,0.76119043,0.76383321,0.78555569,0.76173503,0.78293742,0.76866255,0.75884189,0.75799107,0.7674585,0.76016387,0.78533485,0.76236918,0.76010547,0.77238605,0.7907214,0.76366954,0.77190619,0.75743442,0.7664542,0.7568095,0.76569155,0.7908084,0.7752329,0.75399472,0.7816357,0.76199585,0.77142582,0.76258806,0.77421115,0.76111088,0.77080699,0.76754186,0.74634726,0.75448968,0.75576124,0.74749936,0.77574711,0.75018294,0.7727117,]
Specificities
[0.6566498,0.63412782,0.63343887,0.6460444,0.65365862,0.64648127,0.65485721,0.64431955,0.65123934,0.64687666,0.6433788,0.6666938,0.63447084,0.64863573,0.63934434,0.63967221,0.6375978,0.64295742,0.636025,0.65055923,0.65067646,0.63644029,0.65046975,0.64554737,0.63690715,0.64020205,0.64434803,0.64801699,0.63550354,0.64788704,0.65719397,0.66056937,0.63996197,0.63877354,0.64104828,0.64180881,0.63709922,0.64614919,0.64427276,0.65733037,0.6473466,0.64647071,0.64421666,0.65066587,0.63167898,0.64638183,0.63157169,0.66021225,0.64389905,0.64520127,0.63814473,0.64523891,0.62942899,0.66230422,0.66230276,0.6314644,0.6512459,0.64741506,0.63585041,0.63442577,0.67780117,0.64732436,0.6404082,0.64065934,0.66042318,0.63659978,0.63776185,0.65213337,0.65432805,0.63801576,0.63728685,0.63680427,0.65362222,0.65232113,0.63668767,0.62483424,0.6455816,0.63665513,0.63692988,0.64263988,0.65868583,0.625868,0.64663898,0.64863214,0.64720544,0.63069205,0.65151058,0.63670505,0.63070555,0.62743262,0.6480925,0.61556706,0.66328682,0.65865495,0.663853,0.63752792,0.65327155,0.64385489,0.66887326,0.63871577]
Precisions
[0.46558381,0.45139069,0.45007377,0.4515332,0.46345099,0.45798123,0.45696322,0.4579524,0.46429251,0.44810622,0.45844318,0.464576,0.45291571,0.45625268,0.44975623,0.44661967,0.45543568,0.45527897,0.4438779,0.46313073,0.45769587,0.45277237,0.46020736,0.46002717,0.45442552,0.45106664,0.4532782,0.45497152,0.44788488,0.46020689,0.46940535,0.46350756,0.45982591,0.45811949,0.4454898,0.45746127,0.45452691,0.4614334,0.45979721,0.46474114,0.46019648,0.45521768,0.4480932,0.45617499,0.45030063,0.45318354,0.45799057,0.45983888,0.45344082,0.46571328,0.4571787,0.45641786,0.44948593,0.46664366,0.46721397,0.44084932,0.45806309,0.45368964,0.44885125,0.44996841,0.47404983,0.45442484,0.45084896,0.45831617,0.46409821,0.45371328,0.45089856,0.45739269,0.46052605,0.45144207,0.44776968,0.45640546,0.45905063,0.45770131,0.44981308,0.44811621,0.45695907,0.45396593,0.44729671,0.45179281,0.46120529,0.44078377,0.46252174,0.46049258,0.45376429,0.44921501,0.46140425,0.45150093,0.44549307,0.44704925,0.45555491,0.43712064,0.46832738,0.45738685,0.4647509,0.44743548,0.45500968,0.45558247,0.46537586,0.45312435]
F1s
[0.58066062,0.56925578,0.5690356,0.56352744,0.5794461,0.57430744,0.56588517,0.57551681,0.58224641,0.55752419,0.57782896,0.57272417,0.5727413,0.56928368,0.56618755,0.55789008,0.57496618,0.57116759,0.55583121,0.57850622,0.57033063,0.57121727,0.57373656,0.57680245,0.57367094,0.56581808,0.56797356,0.56810373,0.56248918,0.57794943,0.58655735,0.57620221,0.57890075,0.57851004,0.55643448,0.57495673,0.57437125,0.58071929,0.57669282,0.57743022,0.57482467,0.56676907,0.55783671,0.56887895,0.56931616,0.56576845,0.58043013,0.56573298,0.56886874,0.58545295,0.57736126,0.57266569,0.56775595,0.57980697,0.57913682,0.55500388,0.56949358,0.56673994,0.5638584,0.56858096,0.57969065,0.56790973,0.56550058,0.57805791,0.57588055,0.57327163,0.56747911,0.56955197,0.57087969,0.56738879,0.56280816,0.57519089,0.57192279,0.57025499,0.56767269,0.57072562,0.56936407,0.5701547,0.56047505,0.56748938,0.57259311,0.5579909,0.58169468,0.57539783,0.5643637,0.56948995,0.57031827,0.56691948,0.56028232,0.56490778,0.56930614,0.55542761,0.58037846,0.56697433,0.5729194,0.55877375,0.56406657,0.57318424,0.57333858,0.56728946]
Number of features used
[0.,0.,0.,0.,0.,0.,0.,0.,0.,0.,0.,0.,0.,0.,0.,0.,0.,0.,0.,0.,0.,0.,0.,0.,0.,0.,0.,0.,0.,0.,0.,0.,0.,0.,0.,0.,0.,0.,0.,0.,0.,0.,0.,0.,0.,0.,0.,0.,0.,0.,0.,0.,0.,0.,0.,0.,0.,0.,0.,0.,0.,0.,0.,0.,0.,0.,0.,0.,0.,0.,0.,0.,0.,0.,0.,0.,0.,0.,0.,0.,0.,0.,0.,0.,0.,0.,0.,0.,0.,0.,0.,0.,0.,0.,0.,0.,0.,0.,0.,0.]
Mean Feature importances Across Runs
[0.,0.,0.,0.,0.,0.,0.,0.,0.,0.,0.,0.,0.,0.,0.,0.,0.,0.,0.,0.,0.,0.,0.,0.,0.,0.,0.,0.,0.,0.,0.,0.,0.
,0.,0.,0.,0.,0.,0.,0.,0.,0.,0.,0.,0.,0.,0.,0.,0.,0.,0.,0.,0.,0.,0.,0.,0.,0.,0.,0.,0.,0.,0.,0.,0.,0.
,0.,0.,0.,0.,0.,0.,0.,0.,0.,0.,0.,0.,0.,0.,0.,0.,0.,0.,0.,0.,0.,0.,0.,0.,0.,0.,0.,0.,0.,0.,0.,0.,0.
,0.,0.,0.,0.,0.,0.,0.,0.,0.,0.,0.,0.,0.,0.,0.,0.,0.,0.,0.,0.,0.,0.,0.,0.,0.,0.,0.,0.,0.,0.,0.,0.,0.
,0.,0.,0.,0.,0.,0.,0.,0.,0.,0.,0.,0.,0.,0.,0.,0.,0.,0.,0.,0.,0.,0.,0.,0.,0.,0.,0.,0.,0.,0.,0.,0.,0.
,0.,0.,0.,0.,0.,0.,0.,0.,0.,0.,0.,0.,0.,0.,0.,0.,0.,0.,0.,0.,0.,0.,0.,0.,0.,0.,0.,0.,0.,0.,0.,0.,0.
,0.,0.,0.,0.,0.,0.,0.,0.,0.,0.,0.,0.,0.,0.,0.,0.,0.,0.,0.,0.,0.,0.,0.,0.,0.,0.,0.,0.,0.,0.,0.,0.,0.
,0.,0.,0.,0.,0.,0.,0.,0.,0.,0.,0.,0.,0.,0.,0.,0.,0.,0.,0.,0.,0.,0.,0.,0.,0.,0.,0.,0.,0.,0.,0.,0.,0.
,0.,0.,0.,0.,0.,0.,0.,0.,0.,0.,0.,0.,0.,0.,0.,0.,0.,0.,0.,0.,0.,0.,0.,0.,0.,0.,0.,0.,0.,0.,0.,0.,0.
,0.,0.,0.,0.,0.,0.,0.,0.,0.,0.,0.,0.,0.,0.,0.,0.,0.,0.,0.,0.,0.,0.,0.,0.,0.,0.,0.,0.,0.,0.,0.,0.,0.
,0.,0.,0.,0.,0.,0.,0.,0.,0.,0.,0.,0.,0.,0.,0.,0.,0.,0.,0.,0.,0.,0.,0.,0.,0.,0.,0.,0.,0.,0.,0.,0.,0.
,0.,0.,0.,0.,0.,0.,0.,0.,0.,0.,0.,0.,0.,0.,0.,0.,0.,0.,0.,0.,0.,0.,0.,0.,0.,0.,0.,0.,0.,0.,0.,0.,0.
,0.,0.,0.,0.,0.,0.,0.,0.,0.,0.,0.,0.,0.,0.,0.,0.,0.,0.,0.,0.,0.,0.,0.,0.,0.,0.,0.,0.,0.,0.,0.,0.,0.
,0.,0.,0.,0.,0.,0.,0.,0.,0.,0.,0.,0.,0.,0.,0.,0.,0.,0.,0.,0.,0.,0.,0.,0.,0.,0.,0.,0.,0.,0.,0.,0.,0.
,0.,0.,0.,0.,0.,0.,0.,0.,0.,0.,0.,0.,0.,0.,0.,0.,0.,0.]
Mean Feature importances std. deviation Across Runs
[0.,0.,0.,0.,0.,0.,0.,0.,0.,0.,0.,0.,0.,0.,0.,0.,0.,0.,0.,0.,0.,0.,0.,0.,0.,0.,0.,0.,0.,0.,0.,0.,0.
,0.,0.,0.,0.,0.,0.,0.,0.,0.,0.,0.,0.,0.,0.,0.,0.,0.,0.,0.,0.,0.,0.,0.,0.,0.,0.,0.,0.,0.,0.,0.,0.,0.
,0.,0.,0.,0.,0.,0.,0.,0.,0.,0.,0.,0.,0.,0.,0.,0.,0.,0.,0.,0.,0.,0.,0.,0.,0.,0.,0.,0.,0.,0.,0.,0.,0.
,0.,0.,0.,0.,0.,0.,0.,0.,0.,0.,0.,0.,0.,0.,0.,0.,0.,0.,0.,0.,0.,0.,0.,0.,0.,0.,0.,0.,0.,0.,0.,0.,0.
,0.,0.,0.,0.,0.,0.,0.,0.,0.,0.,0.,0.,0.,0.,0.,0.,0.,0.,0.,0.,0.,0.,0.,0.,0.,0.,0.,0.,0.,0.,0.,0.,0.
,0.,0.,0.,0.,0.,0.,0.,0.,0.,0.,0.,0.,0.,0.,0.,0.,0.,0.,0.,0.,0.,0.,0.,0.,0.,0.,0.,0.,0.,0.,0.,0.,0.
,0.,0.,0.,0.,0.,0.,0.,0.,0.,0.,0.,0.,0.,0.,0.,0.,0.,0.,0.,0.,0.,0.,0.,0.,0.,0.,0.,0.,0.,0.,0.,0.,0.
,0.,0.,0.,0.,0.,0.,0.,0.,0.,0.,0.,0.,0.,0.,0.,0.,0.,0.,0.,0.,0.,0.,0.,0.,0.,0.,0.,0.,0.,0.,0.,0.,0.
,0.,0.,0.,0.,0.,0.,0.,0.,0.,0.,0.,0.,0.,0.,0.,0.,0.,0.,0.,0.,0.,0.,0.,0.,0.,0.,0.,0.,0.,0.,0.,0.,0.
,0.,0.,0.,0.,0.,0.,0.,0.,0.,0.,0.,0.,0.,0.,0.,0.,0.,0.,0.,0.,0.,0.,0.,0.,0.,0.,0.,0.,0.,0.,0.,0.,0.
,0.,0.,0.,0.,0.,0.,0.,0.,0.,0.,0.,0.,0.,0.,0.,0.,0.,0.,0.,0.,0.,0.,0.,0.,0.,0.,0.,0.,0.,0.,0.,0.,0.
,0.,0.,0.,0.,0.,0.,0.,0.,0.,0.,0.,0.,0.,0.,0.,0.,0.,0.,0.,0.,0.,0.,0.,0.,0.,0.,0.,0.,0.,0.,0.,0.,0.
,0.,0.,0.,0.,0.,0.,0.,0.,0.,0.,0.,0.,0.,0.,0.,0.,0.,0.,0.,0.,0.,0.,0.,0.,0.,0.,0.,0.,0.,0.,0.,0.,0.
,0.,0.,0.,0.,0.,0.,0.,0.,0.,0.,0.,0.,0.,0.,0.,0.,0.,0.,0.,0.,0.,0.,0.,0.,0.,0.,0.,0.,0.,0.,0.,0.,0.
,0.,0.,0.,0.,0.,0.,0.,0.,0.,0.,0.,0.,0.,0.,0.,0.,0.,0.]
