MODEL RESULTS for run at: cv_xgbt_100_X_full_trd_y_all_trd_chi_20201002-1150.txt

Model Parameters:-----------------------------------
Evaluation: cv
Model: xgbt
Feature selection: chi
X is: C:\Users\jjnun\Documents\Sync\Research\1_CANBIND_Replication\teyden-git\data\final_datasets\to_run_20200311\1_Replication\X_lvl2_rem_qids01__final.csv
y is: C:\Users\jjnun\Documents\Sync\Research\1_CANBIND_Replication\teyden-git\data\final_datasets\to_run_20200311\1_Replication\y_lvl2_rem_qids01__final.csv
100 runs of 10-fold CV

Summary of Results:------------------------------------
Mean accuracy is: 0.6739, with Standard Deviation: 0.006841
Mean balanced accuracy is: 0.7037, with Standard Deviation: 0.005846
Mean AUC is: 0.7639, with Standard Deviation: 0.004364
Mean sensitivty is: 0.7707, with Standard Deviation: 0.013578
Mean specificty is: 0.6367, with Standard Deviation: 0.011242
Mean precision is: 0.4509, with Standard Deviation: 0.006401
Mean f1 is: 0.5671, with Standard Deviation: 0.0063
Mean true positive is: 0.2144, with Standard Deviation: 0.003789
Mean false positive is: 0.2622, with Standard Deviation: 0.008191
Mean true negative is: 0.4596, with Standard Deviation: 0.008191
Mean false negative is: 0.0638, with Standard Deviation: 0.003789
Mean number of features used is: 0.0000 of 480, with Standard Deviation: 0.0000

Feature Importance And Use:---------------------------
Top 30 Features by importance, in descending order (1st most important):
By position in data matrix, 1 added to skip index=0 
[ 34 368 370 438 289 288 287 335 334 333 332 331 329 328 327 326 325 324
 323 290 322 321 320 319 318 317 316 315 314 313]
dm01_enroll__thous
qids01_w2c__vmdsd
qids01_w2c__vapin
ucq01__ucq100
phx01__pd_border
phx01__aii_na
phx01__aii_def
qids01_w0c__vapdc
qids01_w0c__vmdsd
qids01_w0c__vhysm
qids01_w0c__vemin
qids01_w0c__vmnin
phx01__ax_cocaine||2.0
phx01__ax_cocaine||1.0
phx01__opioid||2.0
phx01__opioid||1.0
phx01__cannibis||2.0
phx01__cannibis||1.0
phx01__amphet||2.0
phx01__pd_depend
phx01__amphet||1.0
phx01__alcoh||2.0
phx01__alcoh||1.0
phx01__bulimia||4
phx01__bulimia||3
phx01__bulimia||2/5
phx01__anorexia
phx01__wrsms
phx01__suicchld
phx01__suicsib

Statistical Significance:----------------------------
Raw results:----------------------------------------
Accuracies
[0.67777778,0.66547619,0.68174603,0.66587302,0.66468254,0.66388889,0.68214286,0.67460317,0.67539683,0.66706349,0.67539683,0.66984127,0.6765873,0.67896825,0.66428571,0.67460317,0.68571429,0.68412698,0.675,0.67103175,0.67420635,0.68412698,0.67738095,0.67103175,0.66944444,0.67619048,0.68492063,0.68412698,0.66944444,0.67460317,0.67857143,0.67579365,0.67896825,0.6718254,0.66468254,0.68095238,0.67698413,0.66031746,0.66507937,0.68293651,0.67936508,0.6702381,0.67619048,0.66706349,0.68412698,0.67777778,0.67261905,0.66706349,0.68253968,0.67142857,0.66666667,0.66746032,0.68253968,0.6781746,0.66706349,0.66904762,0.67460317,0.68293651,0.66190476,0.67301587,0.6734127,0.67857143,0.66388889,0.66944444,0.67579365,0.6734127,0.67222222,0.66785714,0.65714286,0.67698413,0.67063492,0.68809524,0.66309524,0.68730159,0.6734127,0.67222222,0.66507937,0.68650794,0.66706349,0.6718254,0.675,0.67936508,0.67539683,0.67460317,0.67380952,0.67301587,0.67142857,0.68293651,0.66984127,0.67460317,0.66746032,0.66984127,0.66785714,0.67896825,0.67857143,0.68928571,0.67460317,0.66269841,0.67142857,0.68253968]
Balanced Accuracies
[0.70271134,0.696438,0.70062767,0.70501747,0.69883949,0.69671423,0.71210779,0.70647181,0.70914022,0.70659046,0.70222327,0.69306686,0.70202943,0.71233118,0.70087592,0.70793601,0.70917946,0.71122735,0.70036981,0.69766931,0.70184591,0.71429028,0.70191657,0.7058407,0.70348723,0.70114892,0.70726306,0.70961881,0.70733779,0.70330762,0.70317551,0.69818225,0.70014275,0.70450493,0.69993574,0.71000197,0.71317477,0.68712066,0.70038603,0.7056538,0.70811508,0.69627292,0.7034573,0.69415289,0.7176561,0.70562805,0.69525964,0.70461911,0.71360402,0.7072076,0.69879252,0.69352888,0.70764549,0.70842701,0.69603835,0.70218289,0.70385579,0.70756901,0.69766229,0.70297866,0.70654903,0.69994891,0.70424468,0.69396643,0.70390401,0.7091072,0.70857408,0.69664026,0.69874796,0.70375424,0.70201079,0.70408103,0.69306141,0.71879305,0.70052463,0.70479766,0.69447001,0.70728473,0.70651313,0.70216252,0.70156489,0.70730071,0.70231095,0.70747815,0.70979194,0.70714054,0.70076549,0.71313224,0.69746328,0.70321418,0.6992525,0.69982207,0.69646103,0.7053154,0.70812274,0.71580291,0.70444399,0.69748596,0.70916392,0.71175737]
AUCs
[0.77235566,0.75293733,0.76254723,0.76510857,0.75820454,0.76796932,0.77200514,0.76206081,0.76406512,0.76481964,0.75697243,0.76211107,0.76041488,0.75996814,0.76780265,0.76409859,0.7678547,0.76547314,0.76450483,0.76291254,0.76863713,0.77184153,0.76975529,0.76251807,0.76907035,0.76507967,0.77089989,0.76629773,0.77005712,0.76130146,0.76273625,0.76005222,0.76131912,0.76468528,0.75649465,0.76587671,0.76473389,0.75849849,0.76062742,0.76265673,0.76876498,0.75833446,0.76403464,0.75161465,0.76842436,0.76026361,0.76574791,0.76334838,0.77396604,0.76725907,0.76347302,0.76090051,0.76466361,0.76602601,0.75827385,0.77056351,0.76155707,0.76789001,0.76483305,0.76325286,0.76252903,0.76147761,0.76703735,0.75605284,0.76610499,0.77473797,0.76594339,0.76290932,0.76141403,0.75952839,0.7636543,0.76512097,0.76062187,0.76284443,0.76032767,0.7669644,0.76227025,0.76113683,0.76332278,0.76611988,0.76812,0.76310079,0.76595478,0.76017051,0.76053364,0.76605079,0.76007414,0.76899794,0.76215589,0.76481825,0.7551273,0.76508252,0.75219464,0.76310134,0.7670428,0.76530037,0.76611281,0.76198483,0.76406661,0.76814328]
Sensitivites
[0.75590014,0.76533657,0.74373637,0.78801312,0.77484134,0.76952573,0.77961814,0.77734393,0.78611898,0.79215554,0.7609538,0.74598873,0.75785419,0.78757977,0.78296335,0.78296362,0.76464354,0.77229717,0.75948801,0.75596147,0.7674783,0.7835807,0.75902745,0.78153388,0.77871644,0.75820282,0.75973877,0.76645538,0.79248021,0.76877738,0.75770716,0.74809889,0.74707077,0.78006853,0.77869465,0.77616261,0.79384696,0.74800753,0.78095112,0.75974837,0.77440147,0.75402636,0.76228082,0.75712242,0.79338528,0.77073668,0.7471245,0.78964978,0.78463462,0.78973351,0.77311003,0.75170309,0.76748793,0.77913706,0.76145484,0.77544744,0.769538,0.76234261,0.77395309,0.76908878,0.77839829,0.7500322,0.7945635,0.750078,0.76885063,0.78818465,0.78894202,0.76345255,0.79249303,0.76351875,0.77269845,0.74048932,0.7581321,0.79011091,0.76403948,0.77789904,0.76228167,0.75030701,0.79875581,0.76804424,0.75947513,0.76746426,0.76303121,0.78256173,0.78906977,0.78254415,0.76729169,0.78254449,0.76013813,0.77283779,0.76946338,0.76627738,0.76178429,0.76518168,0.77374924,0.77697931,0.77174244,0.77562208,0.79290467,0.77674629]
Specificities
[0.64952254,0.62753943,0.65751897,0.62202183,0.62283764,0.62390273,0.64459745,0.63559969,0.63216147,0.62102538,0.64349274,0.64014498,0.64620467,0.63708259,0.61878849,0.63290841,0.65371537,0.65015753,0.64125161,0.63937715,0.63621353,0.64499987,0.64480568,0.63014751,0.62825802,0.64409502,0.65478736,0.65278223,0.62219538,0.63783786,0.64864386,0.64826561,0.65321473,0.62894132,0.62117682,0.64384132,0.63250259,0.62623378,0.61982094,0.65155923,0.6418287,0.63851947,0.64463377,0.63118336,0.64192692,0.64051942,0.64339478,0.61958844,0.64257342,0.62468169,0.624475,0.63535466,0.64780305,0.63771696,0.63062185,0.62891835,0.63817357,0.65279542,0.62137149,0.63686853,0.63469977,0.64986563,0.61392586,0.63785486,0.63895739,0.63002976,0.62820613,0.62982797,0.60500289,0.64398972,0.63132313,0.66767275,0.62799071,0.64747518,0.63700978,0.63169628,0.62665834,0.66426245,0.61427045,0.6362808,0.64365465,0.64713717,0.64159068,0.63239458,0.63051411,0.63173694,0.63423928,0.64371998,0.63478842,0.63359057,0.62904162,0.63336677,0.63113778,0.64544911,0.64249625,0.6546265,0.63714555,0.61934984,0.62542317,0.64676845]
Precisions
[0.45405446,0.44231253,0.45559247,0.44663213,0.4422939,0.44210738,0.45943265,0.45225163,0.45285506,0.44812585,0.45238167,0.44529398,0.45215715,0.45807262,0.44232054,0.45073166,0.4624148,0.46262789,0.44998316,0.44848634,0.45005809,0.45978052,0.45193645,0.44988357,0.44604811,0.45166881,0.45905975,0.45940706,0.44897509,0.45079103,0.45535311,0.45106044,0.45382582,0.45034308,0.44375502,0.45639993,0.45473984,0.43497703,0.44206288,0.45761591,0.45653355,0.44503584,0.45380739,0.44233024,0.46044461,0.45345648,0.44869818,0.4446382,0.45877014,0.44787024,0.44249975,0.44494577,0.45643036,0.45259291,0.44504026,0.44543727,0.45171126,0.46205209,0.44138271,0.45147573,0.45122716,0.45337466,0.44500776,0.44651127,0.45416043,0.45284281,0.45125261,0.44470923,0.4366814,0.45227759,0.44877554,0.46321881,0.44021133,0.46253148,0.4487694,0.45407151,0.44055336,0.46468371,0.44397963,0.44910443,0.4538217,0.45635366,0.45059662,0.45173705,0.45031665,0.4537527,0.44740369,0.46148357,0.44561515,0.44941549,0.44464963,0.44820066,0.44345737,0.454697,0.45551748,0.46385153,0.4517662,0.44040536,0.45076877,0.45895642]
F1s
[0.56456113,0.5585498,0.56441285,0.56573826,0.56165627,0.55920513,0.5763123,0.56989727,0.57228667,0.56762717,0.56501035,0.55598835,0.56429066,0.57779223,0.56396784,0.57100302,0.57499654,0.5767745,0.56250917,0.5607482,0.56632873,0.57864346,0.56506038,0.56842255,0.56527226,0.56528024,0.57163699,0.57128392,0.57066675,0.56721634,0.56677978,0.56119421,0.56319154,0.56993151,0.56315284,0.57360131,0.57708814,0.54903327,0.56293056,0.56864585,0.57375232,0.55819626,0.56630972,0.55749244,0.58181448,0.57027427,0.55862611,0.56821937,0.57746347,0.57083257,0.56230247,0.55725747,0.57140282,0.57212494,0.55946461,0.56370121,0.56764859,0.57315037,0.55791058,0.56695987,0.56902923,0.56386478,0.56801701,0.55827161,0.56990436,0.57306514,0.57139132,0.56017905,0.56176631,0.56624194,0.56617412,0.56817384,0.55506461,0.58202763,0.56428635,0.57003953,0.55718438,0.56996319,0.56977295,0.56438545,0.56590465,0.56953931,0.56477899,0.57141836,0.57061155,0.57120336,0.56376565,0.57957993,0.56079436,0.56759779,0.56122102,0.56356915,0.55942754,0.56948397,0.57095251,0.58020252,0.56859636,0.56078505,0.57278298,0.57556479]
Number of features used
[0.,0.,0.,0.,0.,0.,0.,0.,0.,0.,0.,0.,0.,0.,0.,0.,0.,0.,0.,0.,0.,0.,0.,0.,0.,0.,0.,0.,0.,0.,0.,0.,0.,0.,0.,0.,0.,0.,0.,0.,0.,0.,0.,0.,0.,0.,0.,0.,0.,0.,0.,0.,0.,0.,0.,0.,0.,0.,0.,0.,0.,0.,0.,0.,0.,0.,0.,0.,0.,0.,0.,0.,0.,0.,0.,0.,0.,0.,0.,0.,0.,0.,0.,0.,0.,0.,0.,0.,0.,0.,0.,0.,0.,0.,0.,0.,0.,0.,0.,0.]
Mean Feature importances Across Runs
[1.3259e-312,1.3259e-312,0.0000e+000,1.3159e-312,1.3159e-312,1.3159e-312,1.3159e-312,1.3159e-312
,1.3159e-312,1.3159e-312,1.3159e-312,1.3159e-312,1.3159e-312,1.3159e-312,1.2461e-312,1.2461e-312
,1.1564e-312,1.1564e-312,1.1564e-312,1.1564e-312,1.1464e-312,1.1464e-312,1.1464e-312,1.1464e-312
,1.1464e-312,1.1464e-312,1.1165e-312,1.1165e-312,1.0268e-312,0.0000e+000,8.8725e-313,8.8725e-313
,8.8725e-313,1.0507e-271,8.8726e-313,8.9722e-313,8.9722e-313,8.9722e-313,8.9722e-313,8.9722e-313
,8.9722e-313,8.9722e-313,8.9722e-313,8.9722e-313,8.9722e-313,8.9722e-313,8.9722e-313,8.9722e-313
,8.9722e-313,8.9722e-313,8.9722e-313,8.9722e-313,8.9722e-313,8.9722e-313,8.9722e-313,8.9722e-313
,8.9722e-313,8.9722e-313,8.9722e-313,8.9722e-313,8.9722e-313,8.9722e-313,8.9722e-313,8.9722e-313
,8.9722e-313,8.9722e-313,8.9722e-313,8.9722e-313,8.9722e-313,8.9722e-313,8.9722e-313,8.9722e-313
,8.9722e-313,8.9722e-313,0.0000e+000,8.9722e-313,0.0000e+000,8.9722e-313,1.6948e-313,8.9722e-313
,0.0000e+000,0.0000e+000,8.9722e-313,8.9722e-313,8.9722e-313,8.9722e-313,8.9722e-313,8.9722e-313
,8.9722e-313,8.9722e-313,8.9722e-313,8.9722e-313,8.9722e-313,8.9722e-313,8.9722e-313,8.9722e-313
,8.9722e-313,8.9722e-313,8.9722e-313,0.0000e+000,8.9722e-313,8.9722e-313,8.9722e-313,8.9722e-313
,8.9722e-313,8.9722e-313,8.9722e-313,8.9722e-313,8.9722e-313,8.9722e-313,8.9722e-313,8.9722e-313
,8.9722e-313,8.9722e-313,8.9722e-313,8.9722e-313,8.9722e-313,8.9722e-313,8.9722e-313,8.9722e-313
,8.9722e-313,8.9722e-313,8.9722e-313,8.9722e-313,8.9722e-313,8.9722e-313,8.9722e-313,8.9722e-313
,8.9722e-313,8.9722e-313,8.9722e-313,8.9722e-313,8.9722e-313,8.9722e-313,8.9722e-313,8.9722e-313
,8.9722e-313,8.9722e-313,8.9722e-313,8.9722e-313,8.9722e-313,8.9722e-313,8.9722e-313,8.9722e-313
,8.9722e-313,8.9722e-313,8.9722e-313,8.9722e-313,1.4456e-312,1.4456e-312,1.4456e-312,1.4456e-312
,1.4456e-312,1.4456e-312,1.4456e-312,1.4356e-312,1.4356e-312,1.4356e-312,1.4356e-312,1.4356e-312
,1.4356e-312,1.4356e-312,1.4356e-312,1.4356e-312,1.4356e-312,1.4356e-312,1.4356e-312,1.4356e-312
,1.4356e-312,1.4356e-312,1.4356e-312,1.4356e-312,1.4356e-312,1.4356e-312,1.4356e-312,1.4356e-312
,1.4356e-312,1.4356e-312,1.4356e-312,1.4356e-312,1.4356e-312,1.4356e-312,1.4356e-312,1.4356e-312
,1.4356e-312,1.4356e-312,1.4356e-312,1.4356e-312,1.4356e-312,1.4356e-312,1.4356e-312,1.4356e-312
,1.4356e-312,1.4356e-312,1.4356e-312,1.4356e-312,1.4356e-312,1.4356e-312,1.4356e-312,1.4356e-312
,1.4356e-312,1.4356e-312,1.4356e-312,1.4356e-312,1.4356e-312,1.4356e-312,1.4356e-312,1.4356e-312
,1.4356e-312,1.4356e-312,1.4356e-312,1.4356e-312,1.4356e-312,1.4356e-312,1.4356e-312,1.4356e-312
,1.4356e-312,1.4157e-312,1.4057e-312,1.4356e-312,1.4356e-312,1.4356e-312,1.4356e-312,1.4356e-312
,1.4356e-312,1.4356e-312,1.4356e-312,1.4356e-312,1.4356e-312,1.4356e-312,1.4356e-312,1.4356e-312
,1.4356e-312,1.4356e-312,1.4356e-312,1.4356e-312,1.4356e-312,1.4356e-312,1.4356e-312,1.4356e-312
,1.4356e-312,1.4356e-312,1.4356e-312,1.4356e-312,1.4356e-312,1.4356e-312,1.4356e-312,1.4356e-312
,1.4356e-312,1.4356e-312,1.4256e-312,1.4256e-312,1.4256e-312,1.4256e-312,1.4256e-312,1.4256e-312
,1.4256e-312,1.4256e-312,1.4256e-312,1.4256e-312,1.4256e-312,1.4256e-312,1.4256e-312,1.4256e-312
,1.4256e-312,1.4256e-312,1.4256e-312,1.4256e-312,1.4256e-312,1.4256e-312,1.4356e-312,1.4356e-312
,1.4356e-312,1.4256e-312,1.4356e-312,0.0000e+000,1.4356e-312,1.4356e-312,1.4356e-312,1.4356e-312
,1.4356e-312,1.4356e-312,1.4356e-312,1.4356e-312,1.4356e-312,1.4356e-312,1.5253e-312,1.5253e-312
,1.5253e-312,1.5253e-312,1.5253e-312,1.5253e-312,1.5253e-312,1.5253e-312,1.5253e-312,1.5253e-312
,1.5253e-312,1.5253e-312,1.5253e-312,1.5253e-312,1.5253e-312,1.5253e-312,1.5253e-312,1.5253e-312
,1.5253e-312,1.5253e-312,1.5253e-312,1.5253e-312,1.5253e-312,1.5253e-312,1.5253e-312,1.5253e-312
,1.5253e-312,1.5253e-312,1.5253e-312,1.5253e-312,1.5253e-312,1.5253e-312,1.5253e-312,1.5253e-312
,1.5253e-312,1.5253e-312,1.5253e-312,1.5253e-312,1.5253e-312,1.5253e-312,1.5253e-312,1.5253e-312
,1.5253e-312,1.5054e-312,1.5253e-312,1.5253e-312,1.5253e-312,1.5253e-312,1.5253e-312,1.5153e-312
,1.5153e-312,1.5153e-312,1.5153e-312,1.5153e-312,1.5153e-312,1.5153e-312,1.5153e-312,1.5153e-312
,1.5153e-312,0.0000e+000,1.5153e-312,1.5153e-312,1.5153e-312,1.5153e-312,1.5153e-312,1.5153e-312
,1.5153e-312,1.5153e-312,1.5153e-312,1.5153e-312,1.5153e-312,1.5153e-312,1.5153e-312,1.2165e-312
,1.5153e-312,1.5153e-312,2.0936e-313,1.5054e-312,1.4954e-312,1.5153e-312,1.4755e-312,5.6807e-306
,1.5153e-312,1.8932e-306,1.4754e-312,1.4754e-312,9.2717e-313,9.2717e-313,9.2717e-313,9.2717e-313
,9.2717e-313,9.2717e-313,9.2717e-313,0.0000e+000,9.2717e-313,9.2717e-313,9.2717e-313,9.2717e-313
,7.6765e-313,9.2717e-313,9.2717e-313,9.2717e-313,9.2717e-313,9.1720e-313,9.2717e-313,9.2717e-313
,9.2717e-313,9.2717e-313,9.2717e-313,9.2717e-313,1.2960e-313,9.2717e-313,9.2717e-313,9.2717e-313
,9.2717e-313,9.2717e-313,9.2717e-313,9.2717e-313,9.2717e-313,9.2717e-313,9.2717e-313,9.2717e-313
,9.0723e-313,9.2717e-313,9.2717e-313,9.2717e-313,9.2717e-313,0.0000e+000,9.2717e-313,9.2717e-313
,9.2717e-313,9.2717e-313,8.6735e-313,9.2717e-313,9.2717e-313,9.2717e-313,9.2717e-313,9.2717e-313
,9.2717e-313,9.2717e-313,0.0000e+000,2.9909e-314,9.2717e-313,4.3825e-313,9.2717e-313,9.2717e-313
,9.2717e-313,9.2717e-313,9.2717e-313,9.2717e-313,9.2717e-313,3.2111e-310,9.3714e-313,9.3714e-313
,9.2717e-313,9.2717e-313,9.2717e-313,9.2717e-313,7.9756e-313,9.2717e-313,9.2717e-313,9.2717e-313
,1.7945e-313,9.2717e-313,6.4802e-313,7.3775e-313,0.0000e+000,9.2717e-313,3.2899e-313,0.0000e+000
,0.0000e+000,0.0000e+000,9.9698e-315,0.0000e+000,9.2717e-313,5.1842e-313,1.2960e-313,1.7945e-313
,9.2717e-313,6.6796e-313,0.0000e+000,9.2717e-313,7.3775e-313,6.5799e-313,3.7884e-313,9.9699e-315
,9.2717e-313,6.4802e-313,3.8881e-313,8.8729e-313,4.7854e-313,5.9818e-314,9.2717e-313,9.2717e-313]
Mean Feature importances std. deviation Across Runs
[0.,0.,0.,0.,0.,0.,0.,0.,0.,0.,0.,0.,0.,0.,0.,0.,0.,0.,0.,0.,0.,0.,0.,0.,0.,0.,0.,0.,0.,0.,0.,0.,0.
,0.,0.,0.,0.,0.,0.,0.,0.,0.,0.,0.,0.,0.,0.,0.,0.,0.,0.,0.,0.,0.,0.,0.,0.,0.,0.,0.,0.,0.,0.,0.,0.,0.
,0.,0.,0.,0.,0.,0.,0.,0.,0.,0.,0.,0.,0.,0.,0.,0.,0.,0.,0.,0.,0.,0.,0.,0.,0.,0.,0.,0.,0.,0.,0.,0.,0.
,0.,0.,0.,0.,0.,0.,0.,0.,0.,0.,0.,0.,0.,0.,0.,0.,0.,0.,0.,0.,0.,0.,0.,0.,0.,0.,0.,0.,0.,0.,0.,0.,0.
,0.,0.,0.,0.,0.,0.,0.,0.,0.,0.,0.,0.,0.,0.,0.,0.,0.,0.,0.,0.,0.,0.,0.,0.,0.,0.,0.,0.,0.,0.,0.,0.,0.
,0.,0.,0.,0.,0.,0.,0.,0.,0.,0.,0.,0.,0.,0.,0.,0.,0.,0.,0.,0.,0.,0.,0.,0.,0.,0.,0.,0.,0.,0.,0.,0.,0.
,0.,0.,0.,0.,0.,0.,0.,0.,0.,0.,0.,0.,0.,0.,0.,0.,0.,0.,0.,0.,0.,0.,0.,0.,0.,0.,0.,0.,0.,0.,0.,0.,0.
,0.,0.,0.,0.,0.,0.,0.,0.,0.,0.,0.,0.,0.,0.,0.,0.,0.,0.,0.,0.,0.,0.,0.,0.,0.,0.,0.,0.,0.,0.,0.,0.,0.
,0.,0.,0.,0.,0.,0.,0.,0.,0.,0.,0.,0.,0.,0.,0.,0.,0.,0.,0.,0.,0.,0.,0.,0.,0.,0.,0.,0.,0.,0.,0.,0.,0.
,0.,0.,0.,0.,0.,0.,0.,0.,0.,0.,0.,0.,0.,0.,0.,0.,0.,0.,0.,0.,0.,0.,0.,0.,0.,0.,0.,0.,0.,0.,0.,0.,0.
,0.,0.,0.,0.,0.,0.,0.,0.,0.,0.,0.,0.,0.,0.,0.,0.,0.,0.,0.,0.,0.,0.,0.,0.,0.,0.,0.,0.,0.,0.,0.,0.,0.
,0.,0.,0.,0.,0.,0.,0.,0.,0.,0.,0.,0.,0.,0.,0.,0.,0.,0.,0.,0.,0.,0.,0.,0.,0.,0.,0.,0.,0.,0.,0.,0.,0.
,0.,0.,0.,0.,0.,0.,0.,0.,0.,0.,0.,0.,0.,0.,0.,0.,0.,0.,0.,0.,0.,0.,0.,0.,0.,0.,0.,0.,0.,0.,0.,0.,0.
,0.,0.,0.,0.,0.,0.,0.,0.,0.,0.,0.,0.,0.,0.,0.,0.,0.,0.,0.,0.,0.,0.,0.,0.,0.,0.,0.,0.,0.,0.,0.,0.,0.
,0.,0.,0.,0.,0.,0.,0.,0.,0.,0.,0.,0.,0.,0.,0.,0.,0.,0.]
