MODEL RESULTS for run at: cv_xgbt_100_X_full_trd_y_all_trd_all_20200728-1709.txt

Model Parameters:-----------------------------------
Evaluation: cv
Model: xgbt
Feature selection: all
X is: C:\Users\jjnun\Documents\Sync\Research\1_CANBIND Replication\teyden-git\data\final_datasets\to_run_20200311\1_Replication\X_lvl2_rem_qids01__final.csv
y is: C:\Users\jjnun\Documents\Sync\Research\1_CANBIND Replication\teyden-git\data\final_datasets\to_run_20200311\1_Replication\y_lvl2_rem_qids01__final.csv
100 runs of 10-fold CV

Summary of Results:------------------------------------
Mean accuracy is: 0.6742, with Standard Deviation: 0.006705
Mean balanced accuracy is: 0.7061, with Standard Deviation: 0.005997
Mean AUC is: 0.7763, with Standard Deviation: 0.004591
Mean sensitivty is: 0.7781, with Standard Deviation: 0.011991
Mean specificty is: 0.6341, with Standard Deviation: 0.010422
Mean precision is: 0.4511, with Standard Deviation: 0.006596
Mean f1 is: 0.5695, with Standard Deviation: 0.0065
Mean true positive is: 0.2165, with Standard Deviation: 0.003352
Mean false positive is: 0.2641, with Standard Deviation: 0.007438
Mean true negative is: 0.4577, with Standard Deviation: 0.007438
Mean false negative is: 0.0617, with Standard Deviation: 0.003352
Mean number of features used is: 0.0000 of 480, with Standard Deviation: 0.0000

Feature Importance And Use:---------------------------
Top 30 Features by importance, in descending order (1st most important):
By position in data matrix, 1 added to skip index=0 
Code does not support feature for this model at this time
Statistical Significance:----------------------------
Raw results:----------------------------------------
Accuracies
[0.67460317,0.66349206,0.66468254,0.67460317,0.66984127,0.68452381,0.66626984,0.67301587,0.66587302,0.68095238,0.6734127,0.67380952,0.6718254,0.67738095,0.67460317,0.67380952,0.66666667,0.67380952,0.68373016,0.67460317,0.67460317,0.675,0.67857143,0.67698413,0.66309524,0.68333333,0.66865079,0.66468254,0.66785714,0.67777778,0.67261905,0.67698413,0.66865079,0.6797619,0.66587302,0.66865079,0.6781746,0.68134921,0.6734127,0.66626984,0.68174603,0.67936508,0.65833333,0.65912698,0.68214286,0.67738095,0.66666667,0.6718254,0.67460317,0.67539683,0.67222222,0.68214286,0.67301587,0.67857143,0.67698413,0.66706349,0.68174603,0.68015873,0.66626984,0.66865079,0.67222222,0.67698413,0.67619048,0.68134921,0.68015873,0.6765873,0.67380952,0.68214286,0.68214286,0.68055556,0.67857143,0.67063492,0.68412698,0.67698413,0.6781746,0.6734127,0.67857143,0.67261905,0.67142857,0.67301587,0.68293651,0.6718254,0.67420635,0.66785714,0.66944444,0.6718254,0.67936508,0.67857143,0.68095238,0.66587302,0.66309524,0.65952381,0.67738095,0.66349206,0.67619048,0.68452381,0.67380952,0.68531746,0.66071429,0.69484127]
Balanced Accuracies
[0.70625619,0.69683823,0.70097762,0.70438478,0.70134897,0.71253561,0.69911259,0.69691821,0.70345529,0.71066981,0.70927692,0.70488603,0.70167121,0.7084168,0.71274726,0.71008473,0.69777204,0.71065856,0.71406257,0.71220726,0.70773726,0.70575344,0.70479263,0.70816493,0.69333418,0.71423977,0.69936254,0.6958613,0.69994821,0.70526753,0.70357477,0.70543145,0.7028533,0.71158926,0.70131102,0.70620442,0.71292473,0.71347638,0.70387445,0.7076233,0.70933908,0.7136218,0.6930062,0.69628803,0.70260885,0.70579224,0.69993118,0.70991097,0.70228107,0.71031928,0.7066855,0.7086894,0.70503583,0.71054568,0.7002684,0.70097013,0.71565966,0.70647093,0.70878919,0.70291942,0.70194673,0.70152893,0.70667171,0.70599924,0.71342945,0.70975073,0.70718313,0.71659849,0.71099274,0.71604572,0.71033401,0.70435547,0.72274506,0.70618148,0.71660173,0.70873818,0.70204952,0.69668889,0.7051753,0.70525308,0.71123156,0.70620917,0.70348039,0.70658019,0.70467223,0.70195095,0.71250934,0.70493826,0.70869341,0.70226713,0.69812666,0.69668546,0.70515708,0.69738974,0.70872454,0.70862852,0.705659,0.71808743,0.69438077,0.72136339]
AUCs
[0.77994475,0.77589254,0.7745824,0.76626723,0.77230256,0.78259115,0.77097181,0.76644821,0.77485235,0.77489308,0.77621782,0.77188485,0.77037453,0.78427349,0.78794418,0.77552444,0.77005249,0.77766982,0.778075,0.78304666,0.77666361,0.78160524,0.77831051,0.77443101,0.77284326,0.77768376,0.77482362,0.77392306,0.77090913,0.77092347,0.7733024,0.77868244,0.77450899,0.77821222,0.77382847,0.77593678,0.77858799,0.7813453,0.77930553,0.78148522,0.78372837,0.780931,0.77033655,0.77393182,0.77150864,0.77095387,0.77139169,0.77671055,0.7736131,0.77944933,0.77282254,0.77560567,0.77206215,0.77693845,0.77696792,0.77124457,0.7867816,0.7743936,0.77181043,0.77122126,0.7727271,0.77541841,0.77750476,0.77783351,0.7775076,0.77008749,0.77473381,0.78479101,0.78372992,0.77956597,0.78051125,0.7743416,0.78238216,0.78304943,0.77729413,0.77957845,0.77569412,0.77026216,0.77400157,0.77732062,0.77808196,0.7763332,0.76732924,0.78235855,0.7770449,0.77942335,0.77704688,0.77514825,0.77757441,0.77573091,0.77242698,0.77732407,0.77695143,0.77586275,0.778642,0.77550197,0.77607994,0.78660903,0.76476843,0.78476824]
Sensitivites
[0.77869725,0.77299261,0.7830863,0.77281157,0.77310456,0.77323578,0.77599427,0.75322026,0.78610023,0.77843572,0.7903947,0.77563505,0.76829593,0.7736614,0.80093491,0.79399958,0.76610065,0.79557951,0.78211231,0.79403749,0.77941165,0.77370475,0.76365878,0.77752214,0.76440512,0.78363314,0.77022409,0.76815151,0.77408829,0.76958218,0.77109378,0.77111755,0.78117602,0.78382024,0.78054669,0.79349444,0.79272822,0.78541997,0.77219895,0.80146163,0.77340285,0.79315763,0.77247878,0.77789164,0.75130327,0.76998941,0.77383086,0.79420067,0.76446415,0.78609115,0.78262143,0.76901281,0.77961268,0.78259687,0.75124102,0.77532168,0.79336828,0.76509738,0.80550517,0.77959142,0.77284038,0.75606281,0.7747024,0.76265047,0.78864831,0.78507037,0.78190124,0.79199176,0.77620936,0.79524598,0.781831,0.77799046,0.80987257,0.77160284,0.80515733,0.78731999,0.75363215,0.75105005,0.78211786,0.77749623,0.7738695,0.78056245,0.76893062,0.79461487,0.78415444,0.7677001,0.78805691,0.76285969,0.77057508,0.78246657,0.77994204,0.78096264,0.76515952,0.77173059,0.78107716,0.76379628,0.77860373,0.79118414,0.77212924,0.78398289]
Specificities
[0.63381513,0.62068384,0.61886895,0.635958,0.62959338,0.65183543,0.62223091,0.64061616,0.62081035,0.64290389,0.62815914,0.63413702,0.6350465,0.64317221,0.62455962,0.62616988,0.62944343,0.62573761,0.64601283,0.63037703,0.63606286,0.63780213,0.64592649,0.63880773,0.62226325,0.64484641,0.62850099,0.6235711,0.62580812,0.64095289,0.63605575,0.63974535,0.62453057,0.63935828,0.62207534,0.61891441,0.63312123,0.64153279,0.63554995,0.61378497,0.64527531,0.63408597,0.61353362,0.61468442,0.65391443,0.64159506,0.6260315,0.62562126,0.64009798,0.6345474,0.63074957,0.64836599,0.63045899,0.63849449,0.64929578,0.62661858,0.63795104,0.64784448,0.61207321,0.62624741,0.63105309,0.64699505,0.63864102,0.64934802,0.63821058,0.6344311,0.63246502,0.64120521,0.64577612,0.63684547,0.63883702,0.63072048,0.63561755,0.64076012,0.62804612,0.63015637,0.65046689,0.64232773,0.62823274,0.63300994,0.64859363,0.6318559,0.63803016,0.61854551,0.62519001,0.63620181,0.63696177,0.64701683,0.64681173,0.62206768,0.61631127,0.61240827,0.64515464,0.62304888,0.63637193,0.65346076,0.63271427,0.64499072,0.61663229,0.6587439,]
Precisions
[0.45506584,0.43971868,0.44208535,0.45421037,0.44569895,0.46324006,0.44102154,0.44642221,0.44509868,0.45748995,0.44990507,0.44923197,0.44943254,0.45575761,0.45102441,0.45006586,0.44302765,0.45056176,0.46142852,0.4533083,0.45437447,0.45167411,0.4554629,0.45322404,0.44044183,0.46151755,0.44672234,0.43947777,0.44446968,0.45207747,0.45077233,0.45143549,0.44504793,0.45676175,0.44328757,0.44728965,0.45522593,0.45887414,0.4491943,0.444701,0.45622098,0.45483889,0.435085,0.43788087,0.45710763,0.45472381,0.44237606,0.44931406,0.45051781,0.45528201,0.45038259,0.4578503,0.44932849,0.4571477,0.45330692,0.44643694,0.45777977,0.45505855,0.44456413,0.44616943,0.4478315,0.45475208,0.4533978,0.45651105,0.45897579,0.45315508,0.45142393,0.45962324,0.45822301,0.45840051,0.4580795,0.44804617,0.46193453,0.453655,0.45589399,0.45088653,0.45425238,0.44776705,0.4474295,0.45149287,0.45931973,0.44884827,0.45156382,0.44492609,0.44863127,0.44740856,0.45552752,0.45467911,0.45714089,0.44414951,0.43979503,0.43741447,0.4542951,0.4410276,0.45336861,0.45982992,0.44986772,0.46129175,0.43660724,0.46949379]
F1s
[0.57281653,0.55950092,0.56459218,0.56959147,0.56319505,0.57624218,0.56190715,0.55916402,0.56673839,0.57511078,0.57156032,0.56794535,0.56612162,0.57018213,0.57595098,0.57305082,0.5597024,0.57429731,0.5783072,0.57498252,0.57063804,0.56899643,0.56913949,0.57141056,0.55785178,0.57966689,0.56331071,0.5580929,0.56360532,0.5686017,0.56677731,0.56805693,0.5658897,0.57624695,0.56400706,0.57150442,0.57756149,0.57742782,0.56663521,0.57104564,0.57274745,0.57727395,0.55571947,0.55854957,0.56660331,0.57006942,0.56012088,0.5717157,0.56526673,0.57292282,0.56969523,0.5716488,0.56853258,0.57596933,0.56328051,0.56356002,0.58021232,0.56926703,0.57245751,0.56643416,0.56615439,0.56556502,0.56995267,0.57066178,0.57947459,0.57354008,0.57095508,0.57916352,0.57567228,0.58003407,0.5752203,0.56655273,0.58731872,0.57020886,0.58177059,0.57211383,0.56429567,0.56031431,0.56829972,0.56943037,0.57518856,0.56772978,0.56642446,0.56947976,0.56904653,0.56281085,0.57611167,0.5678891,0.57204402,0.56458875,0.56141607,0.55948532,0.56751057,0.55917094,0.57235353,0.57179433,0.56866406,0.58146573,0.55647043,0.58653282]
Number of features used
[0.,0.,0.,0.,0.,0.,0.,0.,0.,0.,0.,0.,0.,0.,0.,0.,0.,0.,0.,0.,0.,0.,0.,0.,0.,0.,0.,0.,0.,0.,0.,0.,0.,0.,0.,0.,0.,0.,0.,0.,0.,0.,0.,0.,0.,0.,0.,0.,0.,0.,0.,0.,0.,0.,0.,0.,0.,0.,0.,0.,0.,0.,0.,0.,0.,0.,0.,0.,0.,0.,0.,0.,0.,0.,0.,0.,0.,0.,0.,0.,0.,0.,0.,0.,0.,0.,0.,0.,0.,0.,0.,0.,0.,0.,0.,0.,0.,0.,0.,0.]
Mean Feature importances Across Runs
[0.,0.,0.,0.,0.,0.,0.,0.,0.,0.,0.,0.,0.,0.,0.,0.,0.,0.,0.,0.,0.,0.,0.,0.,0.,0.,0.,0.,0.,0.,0.,0.,0.
,0.,0.,0.,0.,0.,0.,0.,0.,0.,0.,0.,0.,0.,0.,0.,0.,0.,0.,0.,0.,0.,0.,0.,0.,0.,0.,0.,0.,0.,0.,0.,0.,0.
,0.,0.,0.,0.,0.,0.,0.,0.,0.,0.,0.,0.,0.,0.,0.,0.,0.,0.,0.,0.,0.,0.,0.,0.,0.,0.,0.,0.,0.,0.,0.,0.,0.
,0.,0.,0.,0.,0.,0.,0.,0.,0.,0.,0.,0.,0.,0.,0.,0.,0.,0.,0.,0.,0.,0.,0.,0.,0.,0.,0.,0.,0.,0.,0.,0.,0.
,0.,0.,0.,0.,0.,0.,0.,0.,0.,0.,0.,0.,0.,0.,0.,0.,0.,0.,0.,0.,0.,0.,0.,0.,0.,0.,0.,0.,0.,0.,0.,0.,0.
,0.,0.,0.,0.,0.,0.,0.,0.,0.,0.,0.,0.,0.,0.,0.,0.,0.,0.,0.,0.,0.,0.,0.,0.,0.,0.,0.,0.,0.,0.,0.,0.,0.
,0.,0.,0.,0.,0.,0.,0.,0.,0.,0.,0.,0.,0.,0.,0.,0.,0.,0.,0.,0.,0.,0.,0.,0.,0.,0.,0.,0.,0.,0.,0.,0.,0.
,0.,0.,0.,0.,0.,0.,0.,0.,0.,0.,0.,0.,0.,0.,0.,0.,0.,0.,0.,0.,0.,0.,0.,0.,0.,0.,0.,0.,0.,0.,0.,0.,0.
,0.,0.,0.,0.,0.,0.,0.,0.,0.,0.,0.,0.,0.,0.,0.,0.,0.,0.,0.,0.,0.,0.,0.,0.,0.,0.,0.,0.,0.,0.,0.,0.,0.
,0.,0.,0.,0.,0.,0.,0.,0.,0.,0.,0.,0.,0.,0.,0.,0.,0.,0.,0.,0.,0.,0.,0.,0.,0.,0.,0.,0.,0.,0.,0.,0.,0.
,0.,0.,0.,0.,0.,0.,0.,0.,0.,0.,0.,0.,0.,0.,0.,0.,0.,0.,0.,0.,0.,0.,0.,0.,0.,0.,0.,0.,0.,0.,0.,0.,0.
,0.,0.,0.,0.,0.,0.,0.,0.,0.,0.,0.,0.,0.,0.,0.,0.,0.,0.,0.,0.,0.,0.,0.,0.,0.,0.,0.,0.,0.,0.,0.,0.,0.
,0.,0.,0.,0.,0.,0.,0.,0.,0.,0.,0.,0.,0.,0.,0.,0.,0.,0.,0.,0.,0.,0.,0.,0.,0.,0.,0.,0.,0.,0.,0.,0.,0.
,0.,0.,0.,0.,0.,0.,0.,0.,0.,0.,0.,0.,0.,0.,0.,0.,0.,0.,0.,0.,0.,0.,0.,0.,0.,0.,0.,0.,0.,0.,0.,0.,0.
,0.,0.,0.,0.,0.,0.,0.,0.,0.,0.,0.,0.,0.,0.,0.,0.,0.,0.]
Mean Feature importances std. deviation Across Runs
[0.,0.,0.,0.,0.,0.,0.,0.,0.,0.,0.,0.,0.,0.,0.,0.,0.,0.,0.,0.,0.,0.,0.,0.,0.,0.,0.,0.,0.,0.,0.,0.,0.
,0.,0.,0.,0.,0.,0.,0.,0.,0.,0.,0.,0.,0.,0.,0.,0.,0.,0.,0.,0.,0.,0.,0.,0.,0.,0.,0.,0.,0.,0.,0.,0.,0.
,0.,0.,0.,0.,0.,0.,0.,0.,0.,0.,0.,0.,0.,0.,0.,0.,0.,0.,0.,0.,0.,0.,0.,0.,0.,0.,0.,0.,0.,0.,0.,0.,0.
,0.,0.,0.,0.,0.,0.,0.,0.,0.,0.,0.,0.,0.,0.,0.,0.,0.,0.,0.,0.,0.,0.,0.,0.,0.,0.,0.,0.,0.,0.,0.,0.,0.
,0.,0.,0.,0.,0.,0.,0.,0.,0.,0.,0.,0.,0.,0.,0.,0.,0.,0.,0.,0.,0.,0.,0.,0.,0.,0.,0.,0.,0.,0.,0.,0.,0.
,0.,0.,0.,0.,0.,0.,0.,0.,0.,0.,0.,0.,0.,0.,0.,0.,0.,0.,0.,0.,0.,0.,0.,0.,0.,0.,0.,0.,0.,0.,0.,0.,0.
,0.,0.,0.,0.,0.,0.,0.,0.,0.,0.,0.,0.,0.,0.,0.,0.,0.,0.,0.,0.,0.,0.,0.,0.,0.,0.,0.,0.,0.,0.,0.,0.,0.
,0.,0.,0.,0.,0.,0.,0.,0.,0.,0.,0.,0.,0.,0.,0.,0.,0.,0.,0.,0.,0.,0.,0.,0.,0.,0.,0.,0.,0.,0.,0.,0.,0.
,0.,0.,0.,0.,0.,0.,0.,0.,0.,0.,0.,0.,0.,0.,0.,0.,0.,0.,0.,0.,0.,0.,0.,0.,0.,0.,0.,0.,0.,0.,0.,0.,0.
,0.,0.,0.,0.,0.,0.,0.,0.,0.,0.,0.,0.,0.,0.,0.,0.,0.,0.,0.,0.,0.,0.,0.,0.,0.,0.,0.,0.,0.,0.,0.,0.,0.
,0.,0.,0.,0.,0.,0.,0.,0.,0.,0.,0.,0.,0.,0.,0.,0.,0.,0.,0.,0.,0.,0.,0.,0.,0.,0.,0.,0.,0.,0.,0.,0.,0.
,0.,0.,0.,0.,0.,0.,0.,0.,0.,0.,0.,0.,0.,0.,0.,0.,0.,0.,0.,0.,0.,0.,0.,0.,0.,0.,0.,0.,0.,0.,0.,0.,0.
,0.,0.,0.,0.,0.,0.,0.,0.,0.,0.,0.,0.,0.,0.,0.,0.,0.,0.,0.,0.,0.,0.,0.,0.,0.,0.,0.,0.,0.,0.,0.,0.,0.
,0.,0.,0.,0.,0.,0.,0.,0.,0.,0.,0.,0.,0.,0.,0.,0.,0.,0.,0.,0.,0.,0.,0.,0.,0.,0.,0.,0.,0.,0.,0.,0.,0.
,0.,0.,0.,0.,0.,0.,0.,0.,0.,0.,0.,0.,0.,0.,0.,0.,0.,0.]
