MODEL RESULTS for run at: cv_xgbt_1_X_full_trd_y_all_trd_all_20201010-1654.txt

Model Parameters:-----------------------------------
Evaluation: cv
Model: xgbt
Feature selection: all
X is: C:\Users\jjnun\Documents\Sync\Research\1_CANBIND_Replication\teyden-git\data\final_datasets\to_run_20200311\1_Replication\X_lvl2_rem_qids01__final.csv
y is: C:\Users\jjnun\Documents\Sync\Research\1_CANBIND_Replication\teyden-git\data\final_datasets\to_run_20200311\1_Replication\y_lvl2_rem_qids01__final.csv
1 runs of 10-fold CV

Summary of Results:------------------------------------
Mean accuracy is: 0.6706, with Standard Deviation: 0.000000
Mean balanced accuracy is: 0.7059, with Standard Deviation: 0.000000
Mean AUC is: 0.7753, with Standard Deviation: 0.000000
Mean sensitivty is: 0.7851, with Standard Deviation: 0.000000
Mean specificty is: 0.6267, with Standard Deviation: 0.000000
Mean precision is: 0.4488, with Standard Deviation: 0.000000
Mean f1 is: 0.5698, with Standard Deviation: 0.0000
Mean true positive is: 0.2183, with Standard Deviation: 0.000000
Mean false positive is: 0.2694, with Standard Deviation: 0.000000
Mean true negative is: 0.4524, with Standard Deviation: 0.000000
Mean false negative is: 0.0599, with Standard Deviation: 0.000000
Mean number of features used is: 0.0000 of 480, with Standard Deviation: 0.0000

Feature Importance And Use:---------------------------
Top 30 Features by importance, in descending order (1st most important):
By position in data matrix, 1 added to skip index=0 
[478 380 368 397 427  59 467 414 385 409  75 431 403 364 465 381  22  35
 386 464 346 480 101 468 410  20 426 479 428 276]
imput_idsc5w2
qids01_w2c__qstot
qids01_w2c__vmdsd
qids01_w2sr__qstot
sfhs01__pcs12
dm01_enroll__empl||3.0
wsas01__totwsas
qlesq01__totqlesq
qids01_w2sr__vmdsd
qlesq01__qlesq12
dm01_w0__mempl
side_effects01__grseb
qlesq01__qlesq06
qids01_w2c__vsoin
wsas01__wsas04
qids01_w2sr__vsoin
ccv01_w2__effct
dm01_enroll__educat
qids01_w2sr__vapdc
wsas01__wsas03
qids01_w0c__qstot
imput_qidscpccg

idsc01__isoin
imput_anyanxiety
qlesq01__qlesq13
ccv01_w2__remsn
sfhs01__sfhs12
imput_idsc5pccg
sfhs01__mcs12
phx01__episode_date

Statistical Significance:----------------------------
Raw results:----------------------------------------
Accuracies
[0.67063492]
Balanced Accuracies
[0.70594215]
AUCs
[0.77527246]
Sensitivites
[0.78513698]
Specificities
[0.62674732]
Precisions
[0.4488483]
F1s
[0.56980788]
Number of features used
[0.]
Mean Feature importances Across Runs
[,1.0175,0.,0.7811,0.,0.,0.,0.,0.4106,0.,0.,0.
,0.,0.,0.9571,0.,0.,0.,0.,0.,3.2378,0.,5.2578
,0.,0.,0.,0.,0.,0.,0.,0.,0.,1.2571,0.
,0.,5.0866,0.,0.,0.,0.,0.,0.,0.8128,2.6274,0.
,0.,0.,0.,0.,0.,0.,0.,0.,0.,0.,0.
,0.,0.,0.,21.9198,0.,0.,0.,0.,0.,0.,0.
,0.,0.,0.,0.,0.,0.,0.,0.,7.4643,0.,0.
,0.,0.,0.,0.,1.7915,0.,0.,0.,0.,1.5278,0.9527
,0.,0.,0.,1.0803,0.,0.,0.,0.,0.,0.,0.
,0.,4.1374,0.,0.484,0.,0.,0.,0.,0.4383,0.,0.
,0.,0.,0.,0.5985,0.,0.,0.,0.,0.,0.,0.
,0.,0.,0.,1.4525,2.2252,0.,0.,0.,0.,0.,0.
,0.,0.,0.,0.,0.,0.,0.,0.,0.,0.,0.
,0.,0.,0.,0.,0.,0.,0.,0.,0.,0.,0.
,0.,0.,0.,1.5159,0.,0.,0.,0.,2.0332,0.,0.
,0.,0.,0.,0.,0.,0.,0.,0.,0.,0.,0.
,0.,0.,0.2579,0.,0.,0.,0.,0.,0.,0.,0.
,0.,0.,0.,0.,1.4947,0.,0.,0.,0.,2.4013,0.
,0.,0.,0.,0.,0.,0.,0.,0.,0.,0.,0.
,0.,0.,0.,0.,0.,0.,0.,0.,1.3178,0.,1.204
,2.0299,0.,0.,0.,0.,0.,0.,0.,0.,0.,0.
,0.,0.,0.,0.,0.,0.,0.,0.,0.,0.,0.
,0.,0.,0.,0.,0.,0.,0.,0.,0.2218,0.,0.
,0.,0.,1.8032,0.,0.,0.,0.,0.,0.,0.,0.
,0.,0.,0.,0.,1.8769,0.,0.,0.,0.,1.6198,0.
,2.6781,0.,0.,0.,0.,0.,0.,0.,0.,0.,0.
,0.,0.,0.,0.,0.,0.,0.,0.,0.,0.,0.
,0.,0.,0.,0.,0.,0.,0.,0.,0.,0.,0.
,0.,0.,0.,0.,0.,0.,0.,0.,0.,0.,0.
,0.951,0.,0.,0.,0.,0.,0.,0.,0.,0.,0.
,0.,0.,0.,0.,0.,0.,0.,0.,0.,0.,0.
,0.,0.,0.,0.,4.6866,0.,0.,0.,0.,0.,0.
,0.,0.,0.,0.,0.,0.,0.,1.1271,0.,0.,2.2669
,6.6897,0.,2.1539,0.,37.4704,1.467,0.,0.,0.,1.85,0.
,0.,1.6632,0.7286,0.,0.,102.432,5.5367,0.,0.,0.5759,12.4717
,5.0419,0.,0.,2.3226,2.3884,0.,0.,1.5775,0.,0.,0.
,27.5657,0.,0.,0.,0.,1.386,7.0818,0.,0.,0.,0.
,0.,9.6347,3.3674,0.,1.5262,0.,17.0646,0.,1.1195,2.2889,0.
,0.,0.,0.,0.,0.,0.,0.,3.0968,24.7048,2.8968,1.6355
,2.2751,7.4432,0.,0.,1.2725,0.,0.,0.,0.,0.,0.
,0.,0.,0.,0.,0.,0.,0.,0.,0.,0.,0.
,0.,2.4328,0.,0.,0.,0.,0.,0.,0.,0.,0.
,0.,4.9215,6.0454,0.5725,21.0444,3.6813,0.,0.,0.,0.,0.
,0.,1.3967,1.2781,1.4633,120.9434,3.0904,4.4047]
Mean Feature importances std. deviation Across Runs
[0.,0.,0.,0.,0.,0.,0.,0.,0.,0.,0.,0.,0.,0.,0.,0.,0.,0.,0.,0.,0.,0.,0.,0.,0.,0.,0.,0.,0.,0.,0.,0.,0.
,0.,0.,0.,0.,0.,0.,0.,0.,0.,0.,0.,0.,0.,0.,0.,0.,0.,0.,0.,0.,0.,0.,0.,0.,0.,0.,0.,0.,0.,0.,0.,0.,0.
,0.,0.,0.,0.,0.,0.,0.,0.,0.,0.,0.,0.,0.,0.,0.,0.,0.,0.,0.,0.,0.,0.,0.,0.,0.,0.,0.,0.,0.,0.,0.,0.,0.
,0.,0.,0.,0.,0.,0.,0.,0.,0.,0.,0.,0.,0.,0.,0.,0.,0.,0.,0.,0.,0.,0.,0.,0.,0.,0.,0.,0.,0.,0.,0.,0.,0.
,0.,0.,0.,0.,0.,0.,0.,0.,0.,0.,0.,0.,0.,0.,0.,0.,0.,0.,0.,0.,0.,0.,0.,0.,0.,0.,0.,0.,0.,0.,0.,0.,0.
,0.,0.,0.,0.,0.,0.,0.,0.,0.,0.,0.,0.,0.,0.,0.,0.,0.,0.,0.,0.,0.,0.,0.,0.,0.,0.,0.,0.,0.,0.,0.,0.,0.
,0.,0.,0.,0.,0.,0.,0.,0.,0.,0.,0.,0.,0.,0.,0.,0.,0.,0.,0.,0.,0.,0.,0.,0.,0.,0.,0.,0.,0.,0.,0.,0.,0.
,0.,0.,0.,0.,0.,0.,0.,0.,0.,0.,0.,0.,0.,0.,0.,0.,0.,0.,0.,0.,0.,0.,0.,0.,0.,0.,0.,0.,0.,0.,0.,0.,0.
,0.,0.,0.,0.,0.,0.,0.,0.,0.,0.,0.,0.,0.,0.,0.,0.,0.,0.,0.,0.,0.,0.,0.,0.,0.,0.,0.,0.,0.,0.,0.,0.,0.
,0.,0.,0.,0.,0.,0.,0.,0.,0.,0.,0.,0.,0.,0.,0.,0.,0.,0.,0.,0.,0.,0.,0.,0.,0.,0.,0.,0.,0.,0.,0.,0.,0.
,0.,0.,0.,0.,0.,0.,0.,0.,0.,0.,0.,0.,0.,0.,0.,0.,0.,0.,0.,0.,0.,0.,0.,0.,0.,0.,0.,0.,0.,0.,0.,0.,0.
,0.,0.,0.,0.,0.,0.,0.,0.,0.,0.,0.,0.,0.,0.,0.,0.,0.,0.,0.,0.,0.,0.,0.,0.,0.,0.,0.,0.,0.,0.,0.,0.,0.
,0.,0.,0.,0.,0.,0.,0.,0.,0.,0.,0.,0.,0.,0.,0.,0.,0.,0.,0.,0.,0.,0.,0.,0.,0.,0.,0.,0.,0.,0.,0.,0.,0.
,0.,0.,0.,0.,0.,0.,0.,0.,0.,0.,0.,0.,0.,0.,0.,0.,0.,0.,0.,0.,0.,0.,0.,0.,0.,0.,0.,0.,0.,0.,0.,0.,0.
,0.,0.,0.,0.,0.,0.,0.,0.,0.,0.,0.,0.,0.,0.,0.,0.,0.,0.]
