MODEL RESULTS for run at: extval_resp_xgbt_100_X_ovlap_resp_y_wk8_resp_qids_sr_all_20200814-0405.txt

Model Parameters:-----------------------------------
Evaluation: extval_resp
Model: xgbt
Feature selection: all
X is: C:\Users\jjnun\Documents\Sync\Research\1_CANBIND_Replication\teyden-git\data\final_datasets\to_run_20200809\X_train_stard_extval.csv
y is: C:/Users/jjnun\Documents/Sync\Research/1_CANBIND_Replication/teyden-git/data/final_datasets/to_run_20200809/y_wk8_resp_qids_sr__final.csv
100 runs of 10-fold CV

Summary of Results:------------------------------------
Mean accuracy is: 0.6570, with Standard Deviation: 0.005433
Mean balanced accuracy is: 0.6367, with Standard Deviation: 0.004565
Mean AUC is: 0.6790, with Standard Deviation: 0.004160
Mean sensitivty is: 0.5717, with Standard Deviation: 0.009128
Mean specificty is: 0.7018, with Standard Deviation: 0.009809
Mean precision is: 0.5028, with Standard Deviation: 0.006931
Mean f1 is: 0.5346, with Standard Deviation: 0.0054
Mean true positive is: 0.1969, with Standard Deviation: 0.003144
Mean false positive is: 0.1955, with Standard Deviation: 0.006430
Mean true negative is: 0.4601, with Standard Deviation: 0.006430
Mean false negative is: 0.1475, with Standard Deviation: 0.003144
Mean number of features used is: 0.0000 of 100, with Standard Deviation: 0.0000

Feature Importance And Use:---------------------------
Top 30 Features by importance, in descending order (1st most important):
By position in data matrix, 1 added to skip index=0 
Code does not support feature for this model at this time
Statistical Significance:----------------------------
Raw results:----------------------------------------
Accuracies
[0.65388889,0.65444444,0.65333333,0.66722222,0.66,0.65555556,0.65833333,0.65777778,0.64555556,0.65666667,0.67,0.66055556,0.65777778,0.65888889,0.65722222,0.67,0.66944444,0.65833333,0.66055556,0.65222222,0.65944444,0.66055556,0.65833333,0.65777778,0.65222222,0.65277778,0.65,0.65333333,0.655,0.65333333,0.65666667,0.66277778,0.66166667,0.65277778,0.65777778,0.66555556,0.65722222,0.64833333,0.65833333,0.65388889,0.66222222,0.66666667,0.66333333,0.65722222,0.64833333,0.65222222,0.64888889,0.65333333,0.65333333,0.66,0.65444444,0.65277778,0.66277778,0.65444444,0.64333333,0.655,0.66055556,0.65666667,0.66666667,0.66555556,0.65666667,0.66166667,0.66222222,0.65,0.65777778,0.65888889,0.65,0.65222222,0.66555556,0.65111111,0.66277778,0.65111111,0.65222222,0.665,0.65611111,0.655,0.65944444,0.66111111,0.66055556,0.65055556,0.65722222,0.65222222,0.66166667,0.65,0.65666667,0.65611111,0.65944444,0.65833333,0.65555556,0.66388889,0.65777778,0.66,0.65277778,0.65333333,0.66166667,0.65277778,0.645,0.65555556,0.65555556,0.64944444]
Balanced Accuracies
[0.63803991,0.63348824,0.63723346,0.64706124,0.64002187,0.63548387,0.63760252,0.63182067,0.63053581,0.64015856,0.64994533,0.63700109,0.63603062,0.6372608,0.63177966,0.64267359,0.64837343,0.63913341,0.64006288,0.63102788,0.63921542,0.63623565,0.6406643,0.63870968,0.63370694,0.63106889,0.63048114,0.63570257,0.63659103,0.63531985,0.63824494,0.6402269,0.64052761,0.63489612,0.63526517,0.64196282,0.63637233,0.63035812,0.63721979,0.63574358,0.6352105,0.64281028,0.6417988,0.63905139,0.63380262,0.63370694,0.62963368,0.63264079,0.63378896,0.63963915,0.6327228,0.63527884,0.63907873,0.63348824,0.62424822,0.63506014,0.63968015,0.63786222,0.64778568,0.64425916,0.63633133,0.638614,0.63788956,0.6331602,0.63296884,0.63687808,0.63009841,0.63217605,0.6450246,0.63439038,0.6402269,0.63209404,0.63102788,0.64230454,0.63514215,0.63620831,0.63959814,0.64393111,0.64159377,0.63473209,0.63943412,0.63141061,0.63708311,0.63162931,0.6374795,0.63552488,0.63844997,0.63377529,0.6393111,0.64528431,0.64062329,0.63657736,0.63413067,0.63493712,0.63976217,0.63259978,0.6270503,0.6343357,0.63318753,0.63311919]
AUCs
[0.67911427,0.6779661,0.68603062,0.67923045,0.68628349,0.67583379,0.68199836,0.67718015,0.67791143,0.68194369,0.68022827,0.67601148,0.68082285,0.68129442,0.67968835,0.67922362,0.68323537,0.67048934,0.67452843,0.67733051,0.67402269,0.67320257,0.6854497,0.68041963,0.68285265,0.67540323,0.67561509,0.67547157,0.67582012,0.67926463,0.67485648,0.67755604,0.67549207,0.68396665,0.68091853,0.67850601,0.67580645,0.67471979,0.67479497,0.67970886,0.67342127,0.68151312,0.67111126,0.67915528,0.68592127,0.67298387,0.68078185,0.67599781,0.68014625,0.68223073,0.68534718,0.68322854,0.68075451,0.67689995,0.67600465,0.67778841,0.67925096,0.68236058,0.67764489,0.6807135,0.67569027,0.68287999,0.68039913,0.67339393,0.67464461,0.67033215,0.67435074,0.6793398,0.67813013,0.67920995,0.67990022,0.67553308,0.67588846,0.68419218,0.67467195,0.67949699,0.680693,0.67981821,0.68720612,0.68686441,0.68028294,0.67925779,0.68192318,0.67765172,0.67532121,0.67084472,0.67326408,0.67579962,0.68403499,0.67788409,0.69486741,0.67668808,0.68033762,0.67927146,0.67970886,0.68325588,0.67787726,0.68510115,0.68231957,0.68405549]
Sensitivites
[0.58709677,0.56612903,0.58548387,0.58225806,0.57580645,0.57096774,0.57096774,0.5483871,0.58225806,0.58709677,0.58548387,0.56129032,0.56612903,0.56774194,0.55,0.55483871,0.58064516,0.57741935,0.57419355,0.56290323,0.57419355,0.55806452,0.58387097,0.57741935,0.57419355,0.56129032,0.56774194,0.57903226,0.57741935,0.57741935,0.57903226,0.56774194,0.57258065,0.57741935,0.56290323,0.56612903,0.56935484,0.57258065,0.56935484,0.57741935,0.5483871,0.56612903,0.57258065,0.58064516,0.58709677,0.57419355,0.56774194,0.56612903,0.57096774,0.57419355,0.56290323,0.57903226,0.56290323,0.56612903,0.56290323,0.57096774,0.57258065,0.57741935,0.58709677,0.57580645,0.57096774,0.56451613,0.55967742,0.57903226,0.55322581,0.56612903,0.56612903,0.56774194,0.57903226,0.58064516,0.56774194,0.57096774,0.56290323,0.56935484,0.56774194,0.57580645,0.57580645,0.58870968,0.58064516,0.58387097,0.58225806,0.56451613,0.55806452,0.57258065,0.57580645,0.56935484,0.57096774,0.55483871,0.58709677,0.58548387,0.58548387,0.56129032,0.57419355,0.57580645,0.56935484,0.56774194,0.56935484,0.56612903,0.56129032,0.58064516]
Specificities
[0.68898305,0.70084746,0.68898305,0.71186441,0.70423729,0.7,0.70423729,0.71525424,0.67881356,0.69322034,0.71440678,0.71271186,0.7059322,0.70677966,0.71355932,0.73050847,0.71610169,0.70084746,0.7059322,0.69915254,0.70423729,0.71440678,0.69745763,0.7,0.69322034,0.70084746,0.69322034,0.69237288,0.69576271,0.69322034,0.69745763,0.71271186,0.70847458,0.69237288,0.70762712,0.71779661,0.70338983,0.68813559,0.70508475,0.6940678,0.7220339,0.71949153,0.71101695,0.69745763,0.68050847,0.69322034,0.69152542,0.69915254,0.69661017,0.70508475,0.70254237,0.69152542,0.71525424,0.70084746,0.68559322,0.69915254,0.70677966,0.69830508,0.70847458,0.71271186,0.70169492,0.71271186,0.71610169,0.68728814,0.71271186,0.70762712,0.6940678,0.69661017,0.71101695,0.68813559,0.71271186,0.69322034,0.69915254,0.71525424,0.70254237,0.69661017,0.70338983,0.69915254,0.70254237,0.68559322,0.69661017,0.69830508,0.71610169,0.69067797,0.69915254,0.70169492,0.7059322,0.71271186,0.69152542,0.70508475,0.69576271,0.71186441,0.6940678,0.6940678,0.71016949,0.69745763,0.68474576,0.70254237,0.70508475,0.68559322]
Precisions
[0.49821512,0.50014094,0.49800707,0.51554813,0.50654064,0.50135305,0.5040998,0.50348764,0.48817891,0.50207692,0.51874983,0.5077258,0.50401698,0.50608409,0.50339192,0.52008562,0.51947423,0.50547245,0.50729558,0.49606876,0.5062714,0.50832141,0.50391411,0.50338026,0.49662061,0.49786003,0.4932971,0.49753093,0.50042975,0.4984622,0.50201283,0.51035693,0.50865726,0.49797252,0.50388657,0.5137117,0.5027878,0.49198498,0.50407636,0.4985485,0.50954169,0.51505427,0.51140994,0.50378182,0.49189407,0.49635593,0.49312378,0.49803942,0.49800729,0.50691945,0.49971003,0.49702154,0.50998044,0.499215,0.48574963,0.49942525,0.50709213,0.50125569,0.51512132,0.51276637,0.50231317,0.50882183,0.50928442,0.49490942,0.50389709,0.50536461,0.49413488,0.49723109,0.51427597,0.49596443,0.51051415,0.49440402,0.49592467,0.51467931,0.50180078,0.5002517,0.50518463,0.50789112,0.50687387,0.49519994,0.50377434,0.49743667,0.50856281,0.49355391,0.50225029,0.50116047,0.5053677,0.50459412,0.50048331,0.51113819,0.50417216,0.50669856,0.49877679,0.49852921,0.50854063,0.49790421,0.48789254,0.5021389,0.50126201,0.49316335]
F1s
[0.53874749,0.53044837,0.53790309,0.54654825,0.53853893,0.53349352,0.53524592,0.52470978,0.53071616,0.54080787,0.54997125,0.53286016,0.53289524,0.5344475,0.52501422,0.53649378,0.54783615,0.53792054,0.53819787,0.52710416,0.53769421,0.53143284,0.54048723,0.53756892,0.53222377,0.52700319,0.5277702,0.53496152,0.53543533,0.53440627,0.53704852,0.53698515,0.538428,0.53431896,0.53108146,0.53844077,0.53370721,0.52877865,0.53440094,0.53454478,0.52807579,0.539126,0.53974079,0.53882627,0.53493253,0.53199012,0.52708048,0.5296675,0.53160993,0.53792081,0.52886801,0.53464125,0.53491851,0.53024666,0.52073113,0.53248746,0.53758609,0.53645745,0.54844384,0.54234784,0.53391698,0.53480673,0.53318506,0.53286815,0.5269666,0.53376315,0.52692327,0.52947621,0.54412104,0.53454269,0.53690462,0.52984526,0.52705232,0.53999395,0.53233758,0.5349697,0.53808399,0.54486984,0.54100045,0.53543377,0.53952019,0.52834664,0.53196956,0.5297544,0.53595883,0.53282097,0.53579256,0.52806733,0.53979832,0.54545684,0.54122709,0.53206913,0.53325322,0.53385638,0.5368663,0.52964468,0.52498974,0.53134318,0.52913312,0.53312487]
Number of features used
[0.,0.,0.,0.,0.,0.,0.,0.,0.,0.,0.,0.,0.,0.,0.,0.,0.,0.,0.,0.,0.,0.,0.,0.,0.,0.,0.,0.,0.,0.,0.,0.,0.,0.,0.,0.,0.,0.,0.,0.,0.,0.,0.,0.,0.,0.,0.,0.,0.,0.,0.,0.,0.,0.,0.,0.,0.,0.,0.,0.,0.,0.,0.,0.,0.,0.,0.,0.,0.,0.,0.,0.,0.,0.,0.,0.,0.,0.,0.,0.,0.,0.,0.,0.,0.,0.,0.,0.,0.,0.,0.,0.,0.,0.,0.,0.,0.,0.,0.,0.]
Mean Feature importances Across Runs
[0.,0.,0.,0.,0.,0.,0.,0.,0.,0.,0.,0.,0.,0.,0.,0.,0.,0.,0.,0.,0.,0.,0.,0.,0.,0.,0.,0.,0.,0.,0.,0.,0.
,0.,0.,0.,0.,0.,0.,0.,0.,0.,0.,0.,0.,0.,0.,0.,0.,0.,0.,0.,0.,0.,0.,0.,0.,0.,0.,0.,0.,0.,0.,0.,0.,0.
,0.,0.,0.,0.,0.,0.,0.,0.,0.,0.,0.,0.,0.,0.,0.,0.,0.,0.,0.,0.,0.,0.,0.,0.,0.,0.,0.,0.,0.,0.,0.,0.,0.
,0.]
Mean Feature importances std. deviation Across Runs
[0.,0.,0.,0.,0.,0.,0.,0.,0.,0.,0.,0.,0.,0.,0.,0.,0.,0.,0.,0.,0.,0.,0.,0.,0.,0.,0.,0.,0.,0.,0.,0.,0.
,0.,0.,0.,0.,0.,0.,0.,0.,0.,0.,0.,0.,0.,0.,0.,0.,0.,0.,0.,0.,0.,0.,0.,0.,0.,0.,0.,0.,0.,0.,0.,0.,0.
,0.,0.,0.,0.,0.,0.,0.,0.,0.,0.,0.,0.,0.,0.,0.,0.,0.,0.,0.,0.,0.,0.,0.,0.,0.,0.,0.,0.,0.,0.,0.,0.,0.
,0.]
