MODEL RESULTS for run at: extval_resp_gbdt_100_X_ovlap_resp_y_wk8_resp_qids_sr_all_20200814-0354.txt

Model Parameters:-----------------------------------
Evaluation: extval_resp
Model: gbdt
Feature selection: all
X is: C:\Users\jjnun\Documents\Sync\Research\1_CANBIND_Replication\teyden-git\data\final_datasets\to_run_20200809\X_train_stard_extval.csv
y is: C:/Users/jjnun\Documents/Sync\Research/1_CANBIND_Replication/teyden-git/data/final_datasets/to_run_20200809/y_wk8_resp_qids_sr__final.csv
100 runs of 10-fold CV

Summary of Results:------------------------------------
Mean accuracy is: 0.6511, with Standard Deviation: 0.002382
Mean balanced accuracy is: 0.6319, with Standard Deviation: 0.002272
Mean AUC is: 0.6963, with Standard Deviation: 0.001032
Mean sensitivty is: 0.5704, with Standard Deviation: 0.003236
Mean specificty is: 0.6935, with Standard Deviation: 0.003237
Mean precision is: 0.4946, with Standard Deviation: 0.003001
Mean f1 is: 0.5297, with Standard Deviation: 0.0027
Mean true positive is: 0.1965, with Standard Deviation: 0.001114
Mean false positive is: 0.2009, with Standard Deviation: 0.002122
Mean true negative is: 0.4546, with Standard Deviation: 0.002122
Mean false negative is: 0.1480, with Standard Deviation: 0.001114
Mean number of features used is: 0.0000 of 100, with Standard Deviation: 0.0000

Feature Importance And Use:---------------------------
Top 30 Features by importance, in descending order (1st most important):
By position in data matrix, 1 added to skip index=0 
Code does not support feature for this model at this time
Statistical Significance:----------------------------
Raw results:----------------------------------------
Accuracies
[0.65277778,0.64833333,0.65611111,0.65055556,0.65111111,0.65222222,0.65055556,0.65111111,0.65388889,0.64944444,0.64777778,0.64555556,0.65388889,0.65333333,0.64944444,0.65166667,0.64333333,0.65277778,0.65444444,0.65166667,0.65222222,0.65055556,0.65111111,0.65333333,0.65166667,0.64944444,0.65222222,0.655,0.65222222,0.65444444,0.65388889,0.64722222,0.64944444,0.65222222,0.65444444,0.65388889,0.64833333,0.65166667,0.64611111,0.65055556,0.65277778,0.64722222,0.65222222,0.64944444,0.65166667,0.65,0.65444444,0.65055556,0.65277778,0.64777778,0.65055556,0.65277778,0.65,0.65222222,0.64777778,0.64611111,0.65055556,0.65166667,0.65111111,0.65055556,0.65055556,0.65611111,0.65,0.655,0.65111111,0.65,0.65055556,0.65055556,0.65111111,0.65333333,0.65277778,0.65111111,0.65055556,0.64833333,0.65,0.64944444,0.65,0.65166667,0.65333333,0.65111111,0.64833333,0.65,0.65166667,0.65222222,0.65277778,0.65222222,0.64888889,0.65222222,0.65111111,0.64722222,0.65166667,0.65055556,0.65333333,0.64888889,0.65722222,0.64888889,0.65388889,0.65055556,0.64777778,0.65,]
Balanced Accuracies
[0.63489612,0.62920995,0.63629032,0.63128759,0.63171132,0.63523783,0.63205303,0.63209404,0.63344724,0.6315883,0.62916894,0.62670858,0.63382996,0.63378896,0.62967469,0.63251777,0.62501367,0.63221706,0.63425369,0.63251777,0.63370694,0.63128759,0.63171132,0.63417168,0.63213505,0.63082285,0.6329415,0.63697376,0.63217605,0.63463641,0.63650902,0.62912794,0.63005741,0.6329415,0.63578458,0.63459541,0.62959267,0.63251777,0.62713231,0.63281848,0.63336523,0.62797977,0.6329415,0.63044013,0.63175232,0.63048114,0.63387097,0.63128759,0.63336523,0.62802078,0.63167031,0.63259978,0.63124658,0.6329415,0.62955167,0.62636687,0.63167031,0.63328321,0.63132859,0.63167031,0.63090487,0.63705577,0.63124658,0.63467742,0.63094587,0.63009841,0.63243576,0.63090487,0.63171132,0.6345544,0.63336523,0.63209404,0.63128759,0.6299754,0.62971569,0.63120558,0.63086386,0.63366594,0.63340623,0.63094587,0.62920995,0.63124658,0.63213505,0.6329415,0.63374795,0.63408967,0.62963368,0.63255878,0.63171132,0.62836249,0.63175232,0.63205303,0.6345544,0.63116457,0.63675506,0.63039913,0.63459541,0.63128759,0.62916894,0.63086386]
AUCs
[0.69777201,0.69462821,0.69629579,0.69548934,0.69599508,0.69730727,0.69528431,0.69622745,0.69714325,0.69479224,0.69543466,0.69671952,0.69614543,0.69630946,0.69688354,0.69732094,0.69621378,0.69577638,0.69591307,0.69636413,0.69555768,0.69650082,0.69599508,0.69702023,0.69573537,0.69691088,0.69799071,0.69600875,0.69468289,0.69614543,0.69650082,0.69665118,0.69603609,0.69529798,0.69689721,0.69540733,0.69356206,0.69625478,0.69598141,0.69509295,0.6975123,0.69548934,0.69792236,0.69613177,0.69819574,0.69799071,0.69475123,0.69537999,0.69658283,0.69547567,0.69763532,0.69584472,0.69509295,0.69609076,0.69715692,0.69658283,0.69640514,0.69581739,0.69521597,0.69368507,0.69819574,0.69799071,0.69535265,0.69607709,0.69696555,0.69768999,0.6965965,0.69697922,0.69618644,0.69744396,0.69503827,0.69585839,0.69706124,0.69676052,0.69491525,0.69693822,0.69655549,0.69529798,0.69621378,0.69604975,0.69580372,0.69580372,0.69737562,0.69738928,0.69650082,0.69737562,0.69641881,0.69617277,0.69573537,0.69782668,0.69669218,0.69640514,0.70056042,0.69581739,0.69588573,0.6972936,0.69677419,0.69540733,0.6972936,0.69685621]
Sensitivites
[0.57741935,0.56774194,0.57258065,0.56935484,0.56935484,0.58064516,0.57258065,0.57096774,0.56774194,0.57419355,0.56935484,0.56612903,0.56935484,0.57096774,0.56612903,0.57096774,0.56612903,0.56612903,0.56935484,0.57096774,0.57419355,0.56935484,0.56935484,0.57258065,0.56935484,0.57096774,0.57096774,0.57903226,0.56774194,0.57096774,0.58064516,0.57096774,0.56774194,0.57096774,0.57580645,0.57258065,0.56935484,0.57096774,0.56612903,0.57580645,0.57096774,0.56612903,0.57096774,0.56935484,0.56774194,0.56774194,0.56774194,0.56935484,0.57096774,0.56451613,0.57096774,0.56774194,0.57096774,0.57096774,0.57096774,0.56290323,0.57096774,0.57419355,0.56774194,0.57096774,0.56774194,0.57580645,0.57096774,0.56935484,0.56612903,0.56612903,0.57419355,0.56774194,0.56935484,0.57419355,0.57096774,0.57096774,0.56935484,0.57096774,0.56451613,0.57258065,0.56935484,0.57580645,0.56935484,0.56612903,0.56774194,0.57096774,0.56935484,0.57096774,0.57258065,0.57580645,0.56774194,0.56935484,0.56935484,0.56774194,0.56774194,0.57258065,0.57419355,0.57419355,0.57096774,0.57096774,0.57258065,0.56935484,0.56935484,0.56935484]
Specificities
[0.69237288,0.69067797,0.7,0.69322034,0.6940678,0.68983051,0.69152542,0.69322034,0.69915254,0.68898305,0.68898305,0.68728814,0.69830508,0.69661017,0.69322034,0.6940678,0.68389831,0.69830508,0.69915254,0.6940678,0.69322034,0.69322034,0.6940678,0.69576271,0.69491525,0.69067797,0.69491525,0.69491525,0.69661017,0.69830508,0.69237288,0.68728814,0.69237288,0.69491525,0.69576271,0.69661017,0.68983051,0.6940678,0.68813559,0.68983051,0.69576271,0.68983051,0.69491525,0.69152542,0.69576271,0.69322034,0.7,0.69322034,0.69576271,0.69152542,0.69237288,0.69745763,0.69152542,0.69491525,0.68813559,0.68983051,0.69237288,0.69237288,0.69491525,0.69237288,0.6940678,0.69830508,0.69152542,0.7,0.69576271,0.6940678,0.69067797,0.6940678,0.6940678,0.69491525,0.69576271,0.69322034,0.69322034,0.68898305,0.69491525,0.68983051,0.69237288,0.69152542,0.69745763,0.69576271,0.69067797,0.69152542,0.69491525,0.69491525,0.69491525,0.69237288,0.69152542,0.69576271,0.6940678,0.68898305,0.69576271,0.69152542,0.69491525,0.68813559,0.70254237,0.68983051,0.69661017,0.69322034,0.68898305,0.69237288]
Precisions
[0.49695136,0.49118791,0.50116791,0.49387318,0.49475223,0.49596477,0.49403684,0.49477051,0.49830723,0.49267504,0.49059522,0.48772195,0.49839316,0.49745595,0.4923315,0.49542493,0.48500453,0.49676229,0.49873796,0.4951677,0.49614002,0.49383346,0.49455949,0.49720127,0.49554244,0.49277603,0.49608765,0.4994286,0.49598654,0.4987121,0.49800152,0.48974172,0.49255846,0.49603026,0.49879646,0.4980831,0.49124117,0.49540518,0.48859401,0.4938899,0.49673876,0.48970705,0.49618786,0.49245177,0.49552756,0.49320747,0.49890679,0.49394542,0.49671336,0.49037454,0.49397081,0.4967431,0.49320783,0.49600967,0.49058291,0.48836953,0.49404732,0.49526683,0.4947459,0.49383407,0.49405043,0.50102005,0.49339154,0.49958865,0.49448537,0.49340737,0.49391259,0.49386004,0.49480933,0.49746859,0.49707523,0.4945953,0.49382085,0.49113291,0.49319141,0.49246531,0.49320534,0.49512884,0.49749071,0.49446495,0.49113786,0.49317056,0.49549975,0.49618108,0.49678558,0.49596747,0.49178109,0.49587112,0.49460337,0.48962645,0.49524832,0.49404503,0.49753248,0.49206733,0.5025406,0.49187669,0.49816946,0.49387743,0.49044362,0.49326408]
F1s
[0.53396745,0.52658098,0.53433617,0.52889298,0.52928391,0.53489834,0.53031263,0.53001054,0.53065185,0.53019148,0.52694378,0.52392934,0.53136857,0.53155386,0.52663667,0.53041321,0.5223903,0.52911685,0.53159317,0.53035122,0.53222995,0.52882459,0.52928602,0.53219262,0.52974273,0.52885548,0.53080029,0.53622378,0.52937821,0.53235658,0.53610202,0.52717396,0.52740783,0.53072816,0.53442811,0.53266655,0.52731501,0.530392,0.5243671,0.53165603,0.53117645,0.525101,0.53087245,0.52801848,0.52902643,0.5277688,0.53099312,0.52887452,0.53117981,0.52480275,0.52961878,0.52978004,0.52916118,0.53079683,0.52761944,0.52289777,0.52960598,0.53174674,0.52858066,0.52953057,0.52818911,0.53570569,0.52924381,0.53203444,0.52781359,0.52716967,0.53098759,0.52815571,0.52935279,0.53292819,0.5313078,0.52993684,0.52883453,0.52800205,0.52633971,0.52943546,0.52849004,0.53229106,0.53088547,0.52779145,0.52661659,0.52915338,0.52968976,0.53081545,0.53189905,0.53285197,0.52700181,0.53003823,0.52926234,0.52574644,0.52896789,0.53031233,0.53290835,0.52978295,0.53441571,0.52841288,0.53269683,0.52888312,0.52690722,0.52850789]
Number of features used
[0.,0.,0.,0.,0.,0.,0.,0.,0.,0.,0.,0.,0.,0.,0.,0.,0.,0.,0.,0.,0.,0.,0.,0.,0.,0.,0.,0.,0.,0.,0.,0.,0.,0.,0.,0.,0.,0.,0.,0.,0.,0.,0.,0.,0.,0.,0.,0.,0.,0.,0.,0.,0.,0.,0.,0.,0.,0.,0.,0.,0.,0.,0.,0.,0.,0.,0.,0.,0.,0.,0.,0.,0.,0.,0.,0.,0.,0.,0.,0.,0.,0.,0.,0.,0.,0.,0.,0.,0.,0.,0.,0.,0.,0.,0.,0.,0.,0.,0.,0.]
Mean Feature importances Across Runs
[0.,0.,0.,0.,0.,0.,0.,0.,0.,0.,0.,0.,0.,0.,0.,0.,0.,0.,0.,0.,0.,0.,0.,0.,0.,0.,0.,0.,0.,0.,0.,0.,0.
,0.,0.,0.,0.,0.,0.,0.,0.,0.,0.,0.,0.,0.,0.,0.,0.,0.,0.,0.,0.,0.,0.,0.,0.,0.,0.,0.,0.,0.,0.,0.,0.,0.
,0.,0.,0.,0.,0.,0.,0.,0.,0.,0.,0.,0.,0.,0.,0.,0.,0.,0.,0.,0.,0.,0.,0.,0.,0.,0.,0.,0.,0.,0.,0.,0.,0.
,0.]
Mean Feature importances std. deviation Across Runs
[0.,0.,0.,0.,0.,0.,0.,0.,0.,0.,0.,0.,0.,0.,0.,0.,0.,0.,0.,0.,0.,0.,0.,0.,0.,0.,0.,0.,0.,0.,0.,0.,0.
,0.,0.,0.,0.,0.,0.,0.,0.,0.,0.,0.,0.,0.,0.,0.,0.,0.,0.,0.,0.,0.,0.,0.,0.,0.,0.,0.,0.,0.,0.,0.,0.,0.
,0.,0.,0.,0.,0.,0.,0.,0.,0.,0.,0.,0.,0.,0.,0.,0.,0.,0.,0.,0.,0.,0.,0.,0.,0.,0.,0.,0.,0.,0.,0.,0.,0.
,0.]
