MODEL RESULTS for run at: rf_2_elas_20200201-203449.txt

Model Parameters:-----------------------------------
Model: rf
Feature selection: elas
X is: C:\Users\jjnun\Documents\Sync\Research\1_CANBIND Replication\teyden-git\data\final_datasets\to_run_20201016\1_Replication\X_lvl2_rem_qids01__final.csv
y is: C:\Users\jjnun\Documents\Sync\Research\1_CANBIND Replication\teyden-git\data\final_datasets\to_run_20201016\1_Replication\y_lvl2_rem_qids01__final.csv
2 runs of 10-fold CV

Summary of Results:------------------------------------
Mean accuracy is: 0.6919, with Standard Deviation: 0.006548
Mean balanced accuracy is: 0.7012, with Standard Deviation: 0.005705
Mean sensitivty is: 0.7227, with Standard Deviation: 0.004671
Mean specificty is: 0.6797, with Standard Deviation: 0.006740
Mean precision is: 0.4644, with Standard Deviation: 0.006387
Mean f1 is: 0.5643, with Standard Deviation: 0.0060
Mean number of features used is: 31.0000, with Standard Deviation: 0.0000

Feature Importance And Use:---------------------------
Top 30 Features by importance, in descending order (1st most important):
By position in data matrix, 1 added to skip index=0 
[130 150 176 195 197 209 224  36 270 275  44  46  57  85  97 102 108 112
 116   3   5   7  24 346 348 359 363 369 379 405]
idsc01__ildn
pdsq01__wsh2w
pdsq01__tejmp
pdsq01__anhrt
pdsq01__anshk
pdsq01__imagn
pdsq01__franx
dm01_enroll__mkedc
pdsq01__wiill
phx01__episode_date
dm01_enroll__resid||6.0
dm01_enroll__resid||8.0
dm01_enroll__empl||2.0
hrsd01__hmdsd
hrsd01__hagit
idsc01__iemin
idsc01__irct
idsc01__iapdc
idsc01__icntr
crs01__heart
crs01__hema
crs01__ugi
ccv01_w2__stmed
qids01_w0sr__vsoin
qids01_w0sr__vemin
qids01_w0sr__vengy
qids01_w2c__vsoin
qids01_w2c__vapin
qids01_w2c__qstot
qlesq01__qlesq09

Raw results:----------------------------------------
Accuracies
[0.6984127  0.68531746]
Balanced Accuracies
[0.7068961  0.69548551]
Sensitivites
[0.72739149 0.71804948]
Specificities
[0.68640072 0.67292154]
Precisions
[0.47075675 0.45798211]
F1s
[0.57029808 0.55832345]
Number of features used
[31. 31.]
Mean Feature importances Across Runs
[6.0530e-002,6.0009e-002,4.8493e-312,5.0000e-002,4.8535e-312,1.0000e-001,4.8578e-312,1.0000e-001
,5.0000e-002,5.0000e-002,5.0000e-002,1.0000e-001,2.8507e-002,5.0000e-002,1.0000e-001,1.6931e-002
,1.5000e-001,1.0000e-001,5.0000e-002,1.0000e-001,1.0000e-001,2.1583e-002,5.0010e-002,4.8939e-312
,2.3812e-002,6.9066e-003,6.5406e-003,5.0000e-002,1.0000e-001,5.0000e-002,1.5000e-001,5.0000e-002
,1.0000e-001,1.0000e-001,5.0000e-002,4.4279e-312,5.0000e-002,5.0000e-002,1.5000e-001,2.5500e-002
,1.0000e-001,5.0000e-002,2.1311e-002,4.4449e-312,1.5000e-001,4.4491e-312,5.0000e-002,1.5000e-001
,5.0000e-002,1.0000e-001,5.0000e-002,5.0000e-002,1.0000e-001,5.0000e-002,1.0000e-001,1.0108e-001
,4.4724e-312,5.0000e-002,3.7852e-002,1.5061e-001,1.0000e-001,1.0111e-002,5.0000e-002,1.0000e-001
,1.0000e-001,5.0000e-002,5.0000e-002,1.0000e-001,1.0000e-001,5.0000e-002,5.0000e-002,5.0000e-002
,1.0000e-001,5.0000e-002,5.0000e-002,1.5000e-001,5.0000e-002,1.0000e-001,1.0000e-001,1.0000e-001
,5.0000e-002,1.0000e-001,5.0000e-002,5.0000e-002,4.5319e-312,1.0000e-001,1.0000e-001,1.0000e-001
,5.0000e-002,1.0000e-001,1.0000e-001,1.5000e-001,1.5000e-001,1.0000e-001,1.0000e-001,5.0000e-002
,4.5573e-312,1.0000e-001,5.0000e-002,5.0000e-002,1.0000e-001,4.5679e-312,1.0000e-001,5.0000e-002
,5.0000e-002,5.0000e-002,1.0000e-001,4.5807e-312,1.0000e-001,5.0000e-002,1.5000e-001,4.5892e-312
,5.0000e-002,1.0000e-001,5.0000e-002,4.5976e-312,5.0000e-002,1.5000e-001,5.0000e-002,5.0000e-002
,1.0000e-001,5.0000e-002,1.0000e-001,1.0000e-001,2.0000e-001,2.0000e-001,1.5000e-001,2.0000e-001
,1.0000e-001,4.1359e-312,1.5000e-001,1.0000e-001,1.0000e-001,5.0000e-002,1.5000e-001,5.0000e-002
,1.0000e-001,1.5000e-001,1.0000e-001,1.0000e-001,7.0811e-003,1.0000e-001,2.0000e-001,1.5000e-001
,1.5000e-001,1.0000e-001,1.0000e-001,1.0000e-001,1.0000e-001,4.1783e-312,1.0000e-001,1.5000e-001
,1.0000e-001,1.5000e-001,1.0000e-001,5.0000e-002,2.0000e-001,7.0337e-002,5.0000e-002,2.7191e-002
,5.1324e-002,1.5000e-001,5.0000e-002,2.7372e-002,1.5000e-001,5.0000e-002,1.0000e-001,1.5000e-001
,1.0000e-001,1.0000e-001,1.0000e-001,1.5000e-001,5.7602e-002,2.0000e-001,1.0000e-001,4.2335e-312
,2.0000e-001,5.0000e-002,5.0000e-002,1.0000e-001,1.0184e-001,5.0000e-002,1.0000e-001,1.0000e-001
,1.0000e-001,2.0000e-001,1.0000e-001,1.5000e-001,1.0000e-001,1.5380e-001,1.0000e-001,5.6548e-002
,1.5000e-001,1.5000e-001,4.2738e-312,5.0000e-002,4.2781e-312,1.0153e-001,5.0000e-002,5.0000e-002
,1.0000e-001,2.2780e-002,1.5000e-001,1.0000e-001,1.0000e-001,5.0000e-002,5.0000e-002,2.0000e-001
,4.3035e-312,5.0000e-002,1.5000e-001,1.0000e-001,1.5000e-001,1.5000e-001,9.2669e-003,5.0000e-002
,5.0000e-002,5.3105e-002,1.5000e-001,1.0000e-001,2.1001e-002,5.0000e-002,1.0000e-001,4.3354e-312
,5.0000e-002,1.0000e-001,1.0000e-001,1.0000e-001,5.0000e-002,1.0000e-001,5.0000e-002,1.0000e-001
,1.5000e-001,9.6022e-004,2.0000e-001,2.0000e-001,1.0000e-001,1.5000e-001,1.0125e-001,1.0415e-001
,1.0000e-001,1.5000e-001,5.0000e-002,1.5000e-001,5.0000e-002,2.0000e-001,1.0000e-001,1.0000e-001
,1.0000e-001,1.0028e-001,1.5000e-001,1.5000e-001,5.0000e-002,5.2122e-002,1.5000e-001,1.0000e-001
,1.0000e-001,1.0000e-001,1.5000e-001,1.5000e-001,1.0000e-001,1.0000e-001,1.0000e-001,1.5000e-001
,1.0000e-001,1.5000e-001,1.0000e-001,1.0000e-001,1.0000e-001,4.4330e-312,1.0000e-001,5.0000e-002
,1.0000e-001,1.5000e-001,4.4436e-312,1.0000e-001,1.5000e-001,1.5000e-001,1.5000e-001,5.0000e-002
,1.5000e-001,1.5000e-001,1.0246e-002,1.0000e-001,1.5000e-001,1.5000e-001,1.0000e-001,1.0000e-001
,5.0241e-002,9.3304e-004,1.0000e-001,5.0000e-002,1.0000e-001,2.0569e-003,1.0000e-001,1.0000e-001
,1.5000e-001,1.0158e-002,1.0000e-001,1.5149e-001,1.5000e-001,1.0000e-001,2.0000e-001,1.0000e-001
,1.0000e-001,5.0000e-002,5.0000e-002,5.0594e-002,5.0000e-002,1.5000e-001,1.0000e-001,1.5000e-001
,5.0000e-002,1.5000e-001,6.0654e-002,5.0000e-002,5.0000e-002,1.0000e-001,1.0000e-001,1.0031e-001
,1.0000e-001,1.5000e-001,1.5520e-004,5.0000e-002,5.0030e-002,1.5002e-001,1.0040e-001,1.0000e-001
,1.5000e-001,5.0000e-002,5.0000e-002,1.5000e-001,5.0000e-002,5.0000e-002,5.0000e-002,5.0000e-002
,1.0000e-001,5.0000e-002,1.0000e-001,1.5000e-001,1.0000e-001,1.0000e-001,5.0000e-002,1.5000e-001
,5.0000e-002,6.2399e-312,1.0000e-001,6.2484e-312,1.5000e-001,1.0000e-001,1.5000e-001,2.0000e-001
,1.0000e-001,1.0000e-001,1.5000e-001,1.0000e-001,5.0000e-002,1.0000e-001,6.2950e-312,5.0000e-002
,5.0000e-002,1.0000e-001,6.3120e-312,1.3749e-001,1.5000e-001,1.5000e-001,5.0000e-002,8.8897e-002
,6.3375e-312,1.5000e-001,1.5000e-001,1.0000e-001,6.5090e-002,1.0000e-001,1.5000e-001,5.0000e-002
,5.4947e-002,1.5000e-001,6.3799e-312,1.2700e-001,5.0000e-002,5.2149e-002,1.5000e-001,5.0000e-002
,4.1350e-002,1.0000e-001,1.0000e-001,1.0000e-001,1.0000e-001,1.0000e-001,1.0663e-002,5.0000e-002
,1.5000e-001,5.0000e-002,1.0000e-001,2.0000e-001,5.0000e-002,1.0000e-001,5.0000e-002,1.5000e-001
,5.0000e-002,1.0000e-001,1.2890e-001,2.0000e-001,6.4903e-312,1.0000e-001,6.4987e-312,1.5000e-001
,5.0000e-002,1.0000e-001,5.0000e-002,1.0000e-001,5.0000e-002,1.0000e-001,1.0000e-001,2.2799e-002
,4.7289e-002,1.0000e-001,5.0000e-002,5.0000e-002,5.2154e-002,8.9113e-002,1.0000e-001,5.0000e-002
,1.5000e-001,1.0000e-001,1.0000e-001,5.0000e-002,1.0000e-001,1.0000e-001,5.0000e-002,5.0000e-002
,1.5000e-001,7.4271e-312,5.0000e-002,5.0000e-002,7.6939e-004,1.0139e-001,5.0000e-002,7.4653e-312
,7.4717e-312,1.0000e-001,5.0000e-002,7.4908e-312,1.0000e-001,1.0000e-001,7.5099e-312,2.2061e-002
,5.0000e-002,5.0000e-002,1.0000e-001,7.5417e-312,5.0000e-002,5.0000e-002,1.0000e-001,1.0000e-001
,1.0000e-001,1.5000e-001,1.0000e-001,1.0000e-001,7.5990e-312,1.0000e-001,5.0000e-002,1.1405e-001
,5.0000e-002,5.0000e-002,5.0000e-002,7.0147e-002,5.0000e-002,7.6563e-312,5.0000e-002,1.5000e-001
,1.0000e-001,5.0000e-002,5.0000e-002,1.0000e-001,1.0000e-001,7.4655e-002,1.0000e-001,1.4186e-001]
Mean Feature importances std. deviation Across Runs
[5.0257e-02,5.0128e-02,0.0000e+00,5.0000e-02,0.0000e+00,1.0000e-01,0.0000e+00,1.0000e-01,5.0000e-02
,5.0000e-02,5.0000e-02,1.0000e-01,4.5582e-03,5.0000e-02,1.0000e-01,2.2642e-03,1.5000e-01,1.0000e-01
,5.0000e-02,1.0000e-01,1.0000e-01,5.8862e-04,4.9990e-02,0.0000e+00,2.8370e-03,1.7159e-04,1.8763e-04
,5.0000e-02,1.0000e-01,5.0000e-02,1.5000e-01,5.0000e-02,1.0000e-01,1.0000e-01,5.0000e-02,0.0000e+00
,5.0000e-02,5.0000e-02,1.5000e-01,1.1469e-03,1.0000e-01,5.0000e-02,1.1318e-03,0.0000e+00,1.5000e-01
,0.0000e+00,5.0000e-02,1.5000e-01,5.0000e-02,1.0000e-01,5.0000e-02,5.0000e-02,1.0000e-01,5.0000e-02
,1.0000e-01,9.9614e-02,0.0000e+00,5.0000e-02,6.3505e-05,1.4939e-01,1.0000e-01,6.1834e-04,5.0000e-02
,1.0000e-01,1.0000e-01,5.0000e-02,5.0000e-02,1.0000e-01,1.0000e-01,5.0000e-02,5.0000e-02,5.0000e-02
,1.0000e-01,5.0000e-02,5.0000e-02,1.5000e-01,5.0000e-02,1.0000e-01,1.0000e-01,1.0000e-01,5.0000e-02
,1.0000e-01,5.0000e-02,5.0000e-02,0.0000e+00,1.0000e-01,1.0000e-01,1.0000e-01,5.0000e-02,1.0000e-01
,1.0000e-01,1.5000e-01,1.5000e-01,1.0000e-01,1.0000e-01,5.0000e-02,0.0000e+00,1.0000e-01,5.0000e-02
,5.0000e-02,1.0000e-01,0.0000e+00,1.0000e-01,5.0000e-02,5.0000e-02,5.0000e-02,1.0000e-01,0.0000e+00
,1.0000e-01,5.0000e-02,1.5000e-01,0.0000e+00,5.0000e-02,1.0000e-01,5.0000e-02,0.0000e+00,5.0000e-02
,1.5000e-01,5.0000e-02,5.0000e-02,1.0000e-01,5.0000e-02,1.0000e-01,1.0000e-01,2.0000e-01,2.0000e-01
,1.5000e-01,2.0000e-01,1.0000e-01,0.0000e+00,1.5000e-01,1.0000e-01,1.0000e-01,5.0000e-02,1.5000e-01
,5.0000e-02,1.0000e-01,1.5000e-01,1.0000e-01,1.0000e-01,3.3722e-03,1.0000e-01,2.0000e-01,1.5000e-01
,1.5000e-01,1.0000e-01,1.0000e-01,1.0000e-01,1.0000e-01,0.0000e+00,1.0000e-01,1.5000e-01,1.0000e-01
,1.5000e-01,1.0000e-01,5.0000e-02,2.0000e-01,5.0553e-02,5.0000e-02,4.2222e-03,5.1324e-02,1.5000e-01
,5.0000e-02,4.9082e-03,1.5000e-01,5.0000e-02,1.0000e-01,1.5000e-01,1.0000e-01,1.0000e-01,1.0000e-01
,1.5000e-01,4.8900e-02,2.0000e-01,1.0000e-01,0.0000e+00,2.0000e-01,5.0000e-02,5.0000e-02,1.0000e-01
,9.8165e-02,5.0000e-02,1.0000e-01,1.0000e-01,1.0000e-01,2.0000e-01,1.0000e-01,1.5000e-01,1.0000e-01
,1.5172e-01,1.0000e-01,5.0834e-02,1.5000e-01,1.5000e-01,0.0000e+00,5.0000e-02,0.0000e+00,9.8473e-02
,5.0000e-02,5.0000e-02,1.0000e-01,1.9801e-03,1.5000e-01,1.0000e-01,1.0000e-01,5.0000e-02,5.0000e-02
,2.0000e-01,0.0000e+00,5.0000e-02,1.5000e-01,1.0000e-01,1.5000e-01,1.5000e-01,1.9907e-04,5.0000e-02
,5.0000e-02,5.3105e-02,1.5000e-01,1.0000e-01,2.1624e-04,5.0000e-02,1.0000e-01,0.0000e+00,5.0000e-02
,1.0000e-01,1.0000e-01,1.0000e-01,5.0000e-02,1.0000e-01,5.0000e-02,1.0000e-01,1.5000e-01,9.6022e-04
,2.0000e-01,2.0000e-01,1.0000e-01,1.5000e-01,9.8746e-02,9.8287e-02,1.0000e-01,1.5000e-01,5.0000e-02
,1.5000e-01,5.0000e-02,2.0000e-01,1.0000e-01,1.0000e-01,1.0000e-01,9.9718e-02,1.5000e-01,1.5000e-01
,5.0000e-02,5.2122e-02,1.5000e-01,1.0000e-01,1.0000e-01,1.0000e-01,1.5000e-01,1.5000e-01,1.0000e-01
,1.0000e-01,1.0000e-01,1.5000e-01,1.0000e-01,1.5000e-01,1.0000e-01,1.0000e-01,1.0000e-01,0.0000e+00
,1.0000e-01,5.0000e-02,1.0000e-01,1.5000e-01,0.0000e+00,1.0000e-01,1.5000e-01,1.5000e-01,1.5000e-01
,5.0000e-02,1.5000e-01,1.5000e-01,3.0294e-04,1.0000e-01,1.5000e-01,1.5000e-01,1.0000e-01,1.0000e-01
,5.0136e-02,1.3924e-04,1.0000e-01,5.0000e-02,1.0000e-01,1.5702e-04,1.0000e-01,1.0000e-01,1.5000e-01
,1.1451e-03,1.0000e-01,1.4947e-01,1.5000e-01,1.0000e-01,2.0000e-01,1.0000e-01,1.0000e-01,5.0000e-02
,5.0000e-02,5.0594e-02,5.0000e-02,1.5000e-01,1.0000e-01,1.5000e-01,5.0000e-02,1.5000e-01,4.8432e-02
,5.0000e-02,5.0000e-02,1.0000e-01,1.0000e-01,9.9689e-02,1.0000e-01,1.5000e-01,1.3598e-04,5.0000e-02
,5.0030e-02,1.5002e-01,9.9937e-02,1.0000e-01,1.5000e-01,5.0000e-02,5.0000e-02,1.5000e-01,5.0000e-02
,5.0000e-02,5.0000e-02,5.0000e-02,1.0000e-01,5.0000e-02,1.0000e-01,1.5000e-01,1.0000e-01,1.0000e-01
,5.0000e-02,1.5000e-01,5.0000e-02,0.0000e+00,1.0000e-01,0.0000e+00,1.5000e-01,1.0000e-01,1.5000e-01
,2.0000e-01,1.0000e-01,1.0000e-01,1.5000e-01,1.0000e-01,5.0000e-02,1.0000e-01,0.0000e+00,5.0000e-02
,5.0000e-02,1.0000e-01,0.0000e+00,1.0149e-01,1.5000e-01,1.5000e-01,5.0000e-02,2.2658e-03,0.0000e+00
,1.5000e-01,1.5000e-01,1.0000e-01,1.0471e-03,1.0000e-01,1.5000e-01,5.0000e-02,1.7187e-03,1.5000e-01
,0.0000e+00,8.5726e-02,5.0000e-02,4.7851e-02,1.5000e-01,5.0000e-02,2.0814e-03,1.0000e-01,1.0000e-01
,1.0000e-01,1.0000e-01,1.0000e-01,4.0896e-03,5.0000e-02,1.5000e-01,5.0000e-02,1.0000e-01,2.0000e-01
,5.0000e-02,1.0000e-01,5.0000e-02,1.5000e-01,5.0000e-02,1.0000e-01,9.9827e-02,2.0000e-01,0.0000e+00
,1.0000e-01,0.0000e+00,1.5000e-01,5.0000e-02,1.0000e-01,5.0000e-02,1.0000e-01,5.0000e-02,1.0000e-01
,1.0000e-01,2.7552e-04,6.5783e-04,1.0000e-01,5.0000e-02,5.0000e-02,5.0139e-02,4.5841e-02,1.0000e-01
,5.0000e-02,1.5000e-01,1.0000e-01,1.0000e-01,5.0000e-02,1.0000e-01,1.0000e-01,5.0000e-02,5.0000e-02
,1.5000e-01,0.0000e+00,5.0000e-02,5.0000e-02,2.9485e-04,9.8609e-02,5.0000e-02,0.0000e+00,0.0000e+00
,1.0000e-01,5.0000e-02,0.0000e+00,1.0000e-01,1.0000e-01,0.0000e+00,2.2857e-04,5.0000e-02,5.0000e-02
,1.0000e-01,0.0000e+00,5.0000e-02,5.0000e-02,1.0000e-01,1.0000e-01,1.0000e-01,1.5000e-01,1.0000e-01
,1.0000e-01,0.0000e+00,1.0000e-01,5.0000e-02,8.5948e-02,5.0000e-02,5.0000e-02,5.0000e-02,4.8488e-02
,5.0000e-02,0.0000e+00,5.0000e-02,1.5000e-01,1.0000e-01,5.0000e-02,5.0000e-02,1.0000e-01,1.0000e-01
,3.9882e-02,1.0000e-01,9.1334e-02]
