MODEL RESULTS for run at: rf_2_full_20200201-141154.txt

Model Parameters:-----------------------------------
Model: rf
Feature selection: full
X is: C:\Users\jjnun\Documents\Sync\Research\1_CANBIND Replication\teyden-git\data\final_datasets\to_run_20201016\1_Replication\X_lvl2_rem_qids01__final.csv
y is: C:\Users\jjnun\Documents\Sync\Research\1_CANBIND Replication\teyden-git\data\final_datasets\to_run_20201016\1_Replication\y_lvl2_rem_qids01__final.csv
2 runs of 10-fold CV

Summary of Results:------------------------------------
Mean accuracy is: 0.6990, with Standard Deviation: 0.000198
Mean balanced accuracy is: 0.7271, with Standard Deviation: 0.000010
Mean sensitivty is: 0.7915, with Standard Deviation: 0.000475
Mean specificty is: 0.6627, with Standard Deviation: 0.000495
Mean precision is: 0.4747, with Standard Deviation: 0.000552
Mean f1 is: 0.5929, with Standard Deviation: 0.0004
Mean number of features used is: 460.7467, with Standard Deviation: 0.1767

Raw results:----------------------------------------
Accuracies
[0.69880952 0.69920635]
Balanced Accuracies
[0.72710098 0.72712096]
Sensitivites
[0.79198866 0.79103912]
Specificities
[0.6622133  0.66320279]
Precisions
[0.47412835 0.47523171]
F1s
[0.59252086 0.59325515]
Feature importances
[[1.28761293e-03 1.30044980e-03 7.80256637e-03 1.43868304e-03
  1.88642204e-03 7.03160631e-04 1.84502253e-03 1.92789502e-03
  1.30306585e-03 6.23604498e-04 1.37644859e-03 2.24961526e-03
  1.84219807e-03 1.77779295e-03 1.59999654e-03 1.23537994e-03
  1.49812238e-03 1.03801952e-03 1.18016026e-04 3.54265123e-03
  1.16997881e-03 1.69772620e-03 1.74728839e-05 1.02129333e-03
  2.24602937e-03 7.52528179e-04 7.37480599e-04 4.35986076e-07
  0.00000000e+00 6.26617788e-03 1.01309056e-03 3.25401750e-03
  1.62728470e-03 3.52157532e-03 6.47919964e-03 1.36806254e-03
  1.76463457e-03 1.79549681e-03 3.64886152e-03 1.32804968e-03
  3.89710172e-04 5.68364438e-04 1.17061827e-03 1.80696352e-04
  3.49835635e-05 0.00000000e+00 6.75105927e-05 5.95834522e-04
  1.18453963e-03 1.05184741e-03 1.02048527e-03 5.79116578e-04
  1.03728512e-03 5.57395484e-04 8.31300379e-04 4.24226578e-04
  7.80117066e-04 7.27757061e-04 3.84627931e-03 7.43863927e-04
  4.74951095e-04 7.32000654e-04 9.39777783e-04 1.37988103e-04
  8.55615697e-04 5.54550098e-04 5.67551097e-04 6.16986465e-04
  5.78981791e-04 6.95922832e-04 6.57139963e-04 1.45298839e-03
  1.50152883e-03 9.38378880e-04 6.18755859e-03 7.44076274e-04
  1.74766508e-03 3.94391774e-04 6.09374218e-04 6.91430316e-04
  1.45819072e-03 7.30070155e-03 1.83826242e-03 1.63179558e-03
  1.77139454e-03 2.10306858e-03 2.71471493e-03 8.37988759e-04
  1.56037906e-03 1.37515769e-03 2.43469638e-03 2.16829822e-03
  2.06427559e-03 2.26334946e-03 2.17611443e-03 1.51284759e-03
  1.95395904e-03 1.83476203e-03 1.71868216e-03 7.76563572e-03
  3.32038047e-03 2.15475354e-03 2.29314164e-03 1.53504015e-03
  1.88628546e-03 2.81215768e-03 1.98498551e-03 2.31456765e-03
  2.75758997e-03 1.97057952e-03 8.86100673e-04 2.19951871e-03
  1.93058004e-03 1.58347555e-03 1.76699621e-03 1.52315786e-03
  2.21989514e-03 2.13360912e-03 2.20876622e-03 1.95143734e-03
  2.67565957e-03 3.52389455e-03 2.48798321e-03 2.09093476e-03
  1.41046497e-03 2.38092730e-03 2.53534396e-03 2.47289093e-03
  1.80985680e-03 2.15125976e-03 2.19275464e-03 7.93286339e-04
  4.99585879e-04 9.67099261e-04 1.13778459e-03 8.06600440e-04
  6.62779281e-04 6.48078391e-04 8.81488573e-04 8.07043434e-04
  9.26269983e-04 8.96637164e-04 1.10711689e-03 7.24823321e-04
  8.94812189e-04 8.40239633e-04 9.22617105e-04 7.58405176e-04
  8.94011264e-04 9.98362499e-04 8.44600319e-04 9.49803023e-04
  9.99444780e-04 6.47376928e-04 9.46385243e-04 1.41256953e-03
  1.06148776e-03 1.50660158e-03 1.14218807e-03 1.55534921e-03
  1.07676776e-03 1.22160847e-03 1.20913285e-03 1.47664663e-03
  1.10887288e-03 1.04254595e-03 9.66490528e-04 9.79884554e-04
  9.36508702e-04 1.05909000e-03 9.30143912e-04 9.66242709e-04
  1.26950759e-03 9.94942278e-04 8.67302010e-04 9.94497202e-04
  9.94622311e-04 8.86017965e-04 8.29463426e-04 8.58726428e-04
  9.09296589e-04 7.35737735e-04 8.37716738e-04 8.41998397e-04
  7.18819510e-04 4.62807963e-04 1.02955045e-03 6.50475694e-04
  9.60353309e-04 1.06467698e-03 7.32841067e-04 8.75823206e-04
  5.60540667e-04 9.12704524e-04 5.74800799e-04 8.66335635e-04
  9.94549329e-04 1.24060764e-03 9.39915468e-04 1.05563168e-03
  1.11797505e-03 1.43183690e-03 9.26637236e-04 8.52962183e-04
  7.97951607e-04 7.02409203e-04 8.19325450e-04 8.35245385e-04
  8.25546579e-04 7.80225040e-04 8.81294003e-04 3.77058213e-04
  2.28600252e-04 2.99356431e-04 5.32893204e-04 1.29854968e-03
  9.37210942e-04 1.63570123e-03 1.24343550e-03 8.64548128e-04
  1.35136376e-03 9.78637310e-04 8.07188593e-04 4.48727398e-04
  9.76683406e-04 1.02298150e-03 9.02501617e-04 1.00108737e-03
  9.53340976e-04 1.19832489e-03 1.04982478e-03 9.24432571e-04
  9.59969190e-04 7.32663827e-04 8.33425918e-04 9.22368286e-04
  9.36778515e-04 8.31624284e-04 1.04820319e-03 1.07651956e-03
  9.30018229e-04 7.12196833e-04 5.53280407e-04 4.16920560e-04
  7.71774323e-04 6.34337051e-04 5.08747890e-04 3.95715935e-04
  3.25115323e-04 2.94426048e-04 5.69379786e-04 3.34327914e-04
  2.61357567e-04 1.37116783e-03 9.31321067e-04 9.55527072e-04
  8.91221221e-04 8.66755907e-04 8.56241133e-04 8.84359736e-04
  9.05027641e-04 8.50845495e-04 1.06890290e-03 1.08976437e-03
  1.62616102e-03 8.90089699e-04 6.44768510e-04 7.54489441e-04
  1.13932092e-03 1.13630551e-03 6.43249429e-04 6.79259522e-04
  6.68057551e-04 6.98671393e-03 3.93803694e-03 8.88039370e-03
  1.00951685e-03 3.04296589e-04 2.92868056e-04 8.07965383e-05
  5.53122280e-04 1.17832034e-04 7.65749509e-04 5.96707379e-04
  2.41127288e-04 9.95705078e-04 9.79961957e-04 8.50261111e-04
  9.58060810e-05 7.32778309e-05 3.76909395e-05 0.00000000e+00
  8.27876057e-05 1.49858350e-04 9.91491478e-04 1.11177553e-03
  1.10518634e-03 6.17625128e-04 5.69250668e-04 4.39861486e-04
  4.32658679e-04 1.64031560e-04 1.00983788e-03 9.69059611e-04
  7.50044980e-04 4.22385631e-04 9.09013656e-04 4.75980109e-04
  7.73347203e-04 5.74633220e-04 3.74881367e-04 2.50062927e-04
  1.92215866e-04 2.70060462e-05 1.14004208e-03 1.71295994e-06
  0.00000000e+00 0.00000000e+00 0.00000000e+00 5.19518028e-04
  3.31970568e-04 3.01391295e-05 9.64023201e-05 1.29876464e-04
  8.45331538e-05 3.44094891e-05 7.75344636e-05 7.00235515e-05
  1.36223233e-04 2.73302100e-03 2.05753329e-03 2.31972631e-03
  1.47408773e-03 2.01578863e-03 1.89885132e-03 1.43639456e-03
  1.78677244e-03 1.65338672e-03 2.52851818e-03 2.00444319e-03
  2.02214893e-03 1.84536941e-03 1.90039676e-03 1.61229622e-03
  1.75603677e-03 7.73248279e-03 2.85496738e-03 2.21481567e-03
  2.42612415e-03 1.75334109e-03 2.24003920e-03 2.02390249e-03
  1.56580198e-03 1.86923270e-03 1.80475751e-03 2.51754668e-03
  2.22708566e-03 1.81886861e-03 2.46253341e-03 2.76389715e-03
  2.18019753e-03 2.48318518e-03 8.52750166e-03 6.67657546e-03
  4.07171792e-03 2.99114792e-03 1.77336221e-03 1.55493673e-02
  2.56008957e-03 1.23383436e-03 1.71431952e-03 1.31915478e-03
  6.91357082e-03 4.61748033e-03 2.27173809e-03 7.14498839e-03
  9.14963093e-03 2.94848167e-03 2.41040518e-03 2.69384253e-02
  4.69924562e-03 3.60549506e-03 3.62442830e-03 1.70314042e-03
  9.29375851e-03 2.35555529e-03 1.21378031e-03 1.83278259e-03
  1.35051288e-03 3.45389926e-03 6.28426420e-03 2.21817676e-03
  3.85196213e-03 5.56370225e-03 3.97958272e-03 3.53271346e-03
  1.76966067e-02 2.72115208e-03 2.30475260e-03 3.06148240e-03
  2.55027568e-03 3.51732693e-03 4.28911133e-03 2.70185811e-03
  3.30658716e-03 2.62803599e-03 3.54969401e-03 3.76004086e-03
  5.38530965e-03 3.49981714e-03 2.48403631e-03 2.97062883e-03
  2.56802102e-03 1.48225260e-02 3.86843294e-03 3.82892956e-03
  3.67288148e-03 1.97021890e-03 2.01332444e-03 5.26579342e-04
  8.24687431e-04 5.01824590e-03 2.90717129e-03 2.60707847e-03
  2.86223491e-03 4.74392651e-03 1.43482905e-02 7.80311202e-03
  3.75488800e-03 4.38627159e-03 4.44577102e-03 9.40751049e-04
  9.43575708e-04 3.35241411e-03 8.89921866e-04 7.03799257e-04
  1.94576107e-04 1.11755678e-03 5.32916023e-04 3.40612439e-04
  4.45922181e-04 1.05934922e-04 1.01811173e-04 1.97293805e-04
  3.16776583e-04 6.53315373e-04 1.22817951e-03 1.19385160e-03
  2.92159958e-03 1.08105016e-03 2.69024016e-03 1.30062072e-03
  5.94903970e-03 2.77400260e-03 4.92371584e-03 5.00393654e-03
  2.74875671e-03 5.07587523e-03 2.75373281e-03 4.96739305e-03
  3.63751855e-03 7.54322359e-03 4.86264688e-03 8.72638553e-03
  7.48438065e-03 5.23818475e-03 1.27844979e-02 1.36887633e-03
  4.41369310e-03 4.70046605e-03 5.17204563e-03 5.84885290e-03
  5.00596545e-03 4.08117627e-03 4.83904052e-03 4.31864987e-03
  4.80592405e-03 2.13746908e-02 1.71411050e-02 1.92015501e-02]
 [1.29049432e-03 1.30529372e-03 7.77062236e-03 1.34919888e-03
  1.86249673e-03 6.98603071e-04 1.80205744e-03 1.94702949e-03
  1.30988669e-03 6.65083815e-04 1.37132674e-03 2.28931304e-03
  1.79309134e-03 1.75778975e-03 1.60064785e-03 1.24226082e-03
  1.46966176e-03 1.01939312e-03 1.23732371e-04 3.60088810e-03
  1.15795043e-03 1.73639503e-03 1.67323960e-05 9.98239144e-04
  2.28482856e-03 7.47795695e-04 7.71610499e-04 0.00000000e+00
  0.00000000e+00 6.38449000e-03 9.75556253e-04 3.12249285e-03
  1.64127179e-03 3.51217448e-03 6.51244358e-03 1.39605559e-03
  1.76901949e-03 1.82945033e-03 3.58753042e-03 1.34736904e-03
  4.06613618e-04 5.90000603e-04 1.17790679e-03 1.93395312e-04
  3.58430854e-05 0.00000000e+00 5.77072629e-05 6.00812185e-04
  1.17893859e-03 1.04877899e-03 9.91454128e-04 5.86892258e-04
  1.02310114e-03 5.43680647e-04 7.80064916e-04 4.09179409e-04
  7.77606145e-04 7.01367812e-04 3.84318826e-03 7.28726976e-04
  4.71073888e-04 7.64451007e-04 9.40843027e-04 1.34269059e-04
  8.62160556e-04 5.76269369e-04 5.88368599e-04 6.16034275e-04
  5.82671689e-04 6.82504357e-04 6.63080801e-04 1.56082321e-03
  1.48604616e-03 9.06622618e-04 6.27338444e-03 7.84211641e-04
  1.71903814e-03 3.85144605e-04 5.76678255e-04 6.98084606e-04
  1.48734542e-03 7.40410220e-03 1.79901509e-03 1.66104579e-03
  1.75644219e-03 2.07040538e-03 2.73441867e-03 8.51868912e-04
  1.58585050e-03 1.34098109e-03 2.40453079e-03 2.17254960e-03
  2.10335130e-03 2.16947236e-03 2.11629897e-03 1.49879497e-03
  1.92679394e-03 1.90572773e-03 1.70590112e-03 7.79027205e-03
  3.20720805e-03 2.16836440e-03 2.28834507e-03 1.54440865e-03
  1.87992865e-03 2.93250489e-03 1.95186723e-03 2.29398055e-03
  2.72012129e-03 1.97243012e-03 8.88301534e-04 2.19118057e-03
  1.95999181e-03 1.56376029e-03 1.79153232e-03 1.49315964e-03
  2.18709236e-03 2.19589542e-03 2.29845502e-03 1.88743764e-03
  2.68117562e-03 3.60510612e-03 2.45440911e-03 2.11372530e-03
  1.44971349e-03 2.29506131e-03 2.54068345e-03 2.46157068e-03
  1.82585610e-03 2.15906686e-03 2.21960592e-03 7.95644785e-04
  5.17522655e-04 9.37911869e-04 1.14209407e-03 7.89337361e-04
  6.32118550e-04 6.85387795e-04 9.26756359e-04 8.13081716e-04
  9.40880279e-04 9.13914317e-04 1.12539702e-03 7.43549490e-04
  8.94393226e-04 8.29750463e-04 9.20594505e-04 7.55734962e-04
  8.59827923e-04 9.80184303e-04 8.39584678e-04 9.49784620e-04
  1.01602155e-03 6.45133907e-04 9.70606693e-04 1.38181744e-03
  1.06563083e-03 1.55363757e-03 1.13748605e-03 1.54988775e-03
  1.12504775e-03 1.21473238e-03 1.19242783e-03 1.43404846e-03
  1.15741389e-03 1.08778594e-03 9.44296454e-04 9.28137171e-04
  9.35804701e-04 1.01921867e-03 9.33427168e-04 9.69130776e-04
  1.22309307e-03 9.92166692e-04 8.69141405e-04 1.02758145e-03
  9.83730527e-04 8.47898512e-04 8.36157789e-04 9.13020677e-04
  8.91621223e-04 7.63018268e-04 8.68825465e-04 8.33078462e-04
  7.22996035e-04 4.71913394e-04 1.04259908e-03 6.44088748e-04
  9.20164121e-04 1.07340509e-03 7.21090416e-04 8.90552872e-04
  5.66174322e-04 9.33752338e-04 6.19173417e-04 9.12269229e-04
  9.95086996e-04 1.25498284e-03 9.49540039e-04 1.12675049e-03
  1.11343771e-03 1.45259679e-03 9.35904905e-04 8.35269421e-04
  8.18267138e-04 6.89000461e-04 7.79391119e-04 8.17848748e-04
  8.11904235e-04 7.75312871e-04 8.45259542e-04 3.95501949e-04
  2.45066747e-04 2.72570834e-04 5.27702062e-04 1.27359619e-03
  9.88966937e-04 1.61997645e-03 1.23497127e-03 8.83367329e-04
  1.35464453e-03 9.87982354e-04 8.19103417e-04 4.46941333e-04
  1.00450786e-03 1.00644323e-03 9.25582484e-04 1.00966209e-03
  9.52019851e-04 1.18152574e-03 1.05953633e-03 9.15749828e-04
  9.60207399e-04 7.16418127e-04 7.96440110e-04 9.32192787e-04
  9.31755936e-04 8.18736681e-04 1.06664265e-03 1.07797563e-03
  9.71025093e-04 7.16354370e-04 5.60507117e-04 4.50191827e-04
  7.49129283e-04 6.60284573e-04 5.00165689e-04 4.05860558e-04
  3.14850256e-04 3.21045539e-04 5.36361001e-04 3.34548061e-04
  2.75512164e-04 1.29514592e-03 9.75004631e-04 9.44652763e-04
  9.06046468e-04 8.49008948e-04 8.28544732e-04 8.78817766e-04
  9.16568226e-04 8.69719678e-04 9.95305208e-04 1.11551044e-03
  1.59231873e-03 9.38244516e-04 6.35777369e-04 7.37678689e-04
  1.13293302e-03 1.03458034e-03 6.72506828e-04 6.97071283e-04
  6.52927496e-04 6.96765379e-03 3.95981016e-03 8.77840902e-03
  1.00612131e-03 3.09865934e-04 3.15430492e-04 6.86075866e-05
  5.79772786e-04 1.20302020e-04 7.02418224e-04 5.84678173e-04
  2.36031432e-04 9.58676712e-04 1.04459532e-03 8.34599957e-04
  7.26374663e-05 7.57492969e-05 4.38300403e-05 0.00000000e+00
  7.52772308e-05 1.63652537e-04 9.54115178e-04 1.12357195e-03
  1.14557264e-03 6.79573066e-04 6.13540256e-04 4.43172524e-04
  4.57988329e-04 1.54952371e-04 9.81241090e-04 9.66252370e-04
  7.52184027e-04 4.13821112e-04 9.09014391e-04 5.17640052e-04
  7.34168016e-04 6.16418303e-04 4.14803054e-04 2.52649266e-04
  1.81544916e-04 4.30001411e-05 1.17371751e-03 6.74994454e-07
  0.00000000e+00 0.00000000e+00 0.00000000e+00 5.03312638e-04
  3.18687374e-04 2.79519035e-05 8.46387257e-05 1.22946773e-04
  7.67401170e-05 4.10451360e-05 7.18012499e-05 7.20234159e-05
  1.41568021e-04 2.84891439e-03 2.09253176e-03 2.29517378e-03
  1.45107129e-03 2.06376021e-03 1.86133745e-03 1.40390432e-03
  1.74408825e-03 1.57456304e-03 2.50398049e-03 2.08597913e-03
  2.02140778e-03 1.85821843e-03 1.98880450e-03 1.68673857e-03
  1.74670819e-03 7.91519992e-03 2.83727502e-03 2.25452054e-03
  2.39953927e-03 1.76873141e-03 2.20958933e-03 2.04978699e-03
  1.56357450e-03 1.84765031e-03 1.70507405e-03 2.43843407e-03
  2.22172420e-03 1.78932715e-03 2.43292350e-03 2.71173814e-03
  2.13035312e-03 2.53658848e-03 8.05259926e-03 6.64182652e-03
  4.11253819e-03 2.93075134e-03 1.69845553e-03 1.54524964e-02
  2.53893427e-03 1.24221911e-03 1.71424633e-03 1.34333418e-03
  6.66314353e-03 4.46320965e-03 2.32211818e-03 7.12255883e-03
  8.82429921e-03 2.93572456e-03 2.31403736e-03 2.70537298e-02
  4.85696871e-03 3.47026147e-03 3.58129041e-03 1.66358523e-03
  9.30616038e-03 2.25957645e-03 1.17649849e-03 1.82307072e-03
  1.40034131e-03 3.31003096e-03 6.24639216e-03 2.32900586e-03
  3.79060228e-03 5.45778061e-03 4.00239569e-03 3.38746861e-03
  1.77681459e-02 2.81485266e-03 2.34203783e-03 3.11027590e-03
  2.63868848e-03 3.36848950e-03 4.20342086e-03 2.67711240e-03
  3.35882974e-03 2.64486814e-03 3.69442963e-03 3.77294976e-03
  5.28833626e-03 3.60789991e-03 2.58481696e-03 3.07964882e-03
  2.60520808e-03 1.51075380e-02 3.83190612e-03 3.66692427e-03
  3.76029833e-03 1.97319974e-03 1.98878926e-03 5.42144289e-04
  8.24052796e-04 5.36504672e-03 2.78926536e-03 2.59296773e-03
  2.78644828e-03 4.72517698e-03 1.42723981e-02 7.74625218e-03
  3.75313038e-03 4.35017883e-03 4.58995911e-03 9.37983187e-04
  9.38226751e-04 3.41198077e-03 8.84994316e-04 6.97252953e-04
  2.10411854e-04 1.07730483e-03 5.49013797e-04 3.25279923e-04
  4.48291057e-04 9.94351294e-05 1.00191387e-04 2.20879051e-04
  2.95369005e-04 6.54684324e-04 1.25077620e-03 1.15835092e-03
  2.80455374e-03 1.07526026e-03 2.66445949e-03 1.33259267e-03
  5.79923867e-03 2.79838720e-03 4.91172666e-03 5.03251375e-03
  2.79397830e-03 4.98096000e-03 2.75617373e-03 4.92659295e-03
  3.63002987e-03 7.53347068e-03 4.81008526e-03 8.77890220e-03
  7.26500850e-03 5.12962105e-03 1.30503574e-02 1.37166798e-03
  4.54211488e-03 4.78731363e-03 5.31883125e-03 5.81503575e-03
  4.99175468e-03 4.21682331e-03 4.85908051e-03 4.38393267e-03
  5.04791610e-03 2.14470319e-02 1.70413791e-02 1.95941799e-02]]
