MODEL RESULTS for run at: rf_2_elas_20200201-200115.txt

Model Parameters:-----------------------------------
Model: rf
Feature selection: elas
X is: C:\Users\jjnun\Documents\Sync\Research\1_CANBIND Replication\teyden-git\data\final_datasets\to_run_20201016\1_Replication\X_lvl2_rem_qids01__final.csv
y is: C:\Users\jjnun\Documents\Sync\Research\1_CANBIND Replication\teyden-git\data\final_datasets\to_run_20201016\1_Replication\y_lvl2_rem_qids01__final.csv
2 runs of 10-fold CV

Summary of Results:------------------------------------
Mean accuracy is: 0.7000, with Standard Deviation: 0.003175
Mean balanced accuracy is: 0.7117, with Standard Deviation: 0.000644
Mean sensitivty is: 0.7391, with Standard Deviation: 0.008659
Mean specificty is: 0.6843, with Standard Deviation: 0.007370
Mean precision is: 0.4741, with Standard Deviation: 0.002825
Mean f1 is: 0.5763, with Standard Deviation: 0.0003
Mean number of features used is: 30.9500, with Standard Deviation: 0.0500

Feature Importance And Use:---------------------------
Top 30 Features by importance, in descending order (1st most important):By position in data matrix, 1 added to skip index=0[ 74 313  50 285 306 446 152 120  64 323 159 453 138 109  95 358 250 396
  46 199 139 153 178 447 458 454 472 261 276 307]
Raw results:----------------------------------------
Accuracies
[0.6968254 0.7031746]
Balanced Accuracies
[0.71232262 0.71103364]
Sensitivites
[0.74775122 0.73043391]
Specificities
[0.67689401 0.69163337]
Precisions
[0.47123788 0.47688809]
F1s
[0.57660697 0.57599624]
Number of features used
[31.  30.9]
Mean Feature importances Across Runs
[             nan              nan              nan  1.00000000e+000
  8.80576613e-003  5.89728644e-312  3.00000000e-001              nan
              nan              nan  7.00000000e-001  5.89728644e-312
  3.21422365e-002  2.00000000e-001              nan  1.85533406e-002
              nan  2.00000000e-001              nan              nan
              nan  2.15778619e-002  1.91589044e-004              nan
  2.44987380e-002  6.77093828e-003  7.06100963e-003              nan
              nan              nan              nan  3.50000000e-001
  4.08163265e-002  5.89728597e-312  5.10000000e+000              nan
              nan              nan  4.50000000e-001  2.74549510e-002
              nan              nan  2.29640471e-002              nan
              nan -5.00000000e-002              nan              nan
              nan -2.00000000e-001  5.89728603e-312  5.89728603e-312
  4.71650000e-001              nan              nan  1.70241531e+000
              nan              nan  3.87660285e-002  1.50000000e-001
              nan  1.00253791e-002              nan -1.99887912e-001
  5.89728604e-312  5.89728604e-312  1.44035000e+000              nan
              nan              nan              nan              nan
              nan -3.00000000e-001  5.89728604e-312  5.89728604e-312
  5.00000000e-001              nan              nan              nan
  6.50000000e-001  3.45679012e-002  5.89728604e-312  1.10000000e+000
              nan              nan              nan  4.02209770e-001
  2.18750000e-002  5.89728604e-312  1.00000000e+000              nan
              nan              nan -1.00000000e-001              nan
              nan              nan              nan              nan
              nan  5.00000000e-002              nan              nan
              nan              nan              nan              nan
 -1.17450000e-001  1.38115393e-002  5.89728604e-312  6.80000000e+000
              nan              nan              nan  1.50000000e-001
              nan              nan              nan -2.00000000e-001
  5.89728604e-312              nan              nan              nan
              nan              nan              nan              nan
              nan              nan              nan              nan
              nan              nan              nan              nan
              nan -1.52000000e-001  4.91440418e-312  6.00000000e-001
              nan              nan              nan  4.65000000e+000
              nan              nan              nan              nan
              nan              nan              nan -2.00000000e-001
  4.91440418e-312  5.00000000e-001              nan              nan
              nan  2.30054141e-002 -1.90929705e-001  2.66434778e-002
  2.20000000e+000              nan              nan  2.60936331e-002
              nan              nan              nan              nan
              nan              nan              nan  1.00000000e-001
  1.18665333e-002  4.50612245e-002  9.00000000e-001  3.60000000e+000
  4.93827160e-002  4.91440658e-312  1.20000000e+000              nan
              nan              nan              nan              nan
              nan  5.00000000e-002  1.28750000e+000  4.51171875e-002
  5.00000000e+000  3.25216152e+000              nan  1.24286871e-002
  6.50000000e-001  1.85853327e-001  4.98614958e-002  9.20000000e+000
              nan  5.74478098e-002 -4.01540680e-003  7.48682804e-001
              nan  2.62155084e-002              nan  1.60000000e+000
              nan  7.00000000e-001  4.20000000e+000              nan
              nan              nan              nan              nan
              nan  1.50000000e-001  9.77437860e-003              nan
              nan              nan              nan              nan
  2.16911055e-002  3.94906069e-001  1.50000000e-001  1.07000000e+001
  4.50000000e-001  1.09500000e-001  1.00000000e-001  2.05000000e+000
  5.14974490e+000  5.60000000e+000  5.80000000e+000  1.35000000e+000
  3.01975309e+000  5.00000000e-001  3.25000000e+000  5.95500000e-001
  4.44444444e-002  2.10000000e+000  2.65000000e+000              nan
              nan              nan              nan              nan
              nan              nan              nan              nan
              nan -9.90098226e-002  2.01419936e-001  1.00000000e-001
  1.15000000e+000              nan              nan              nan
              nan              nan              nan  1.00000000e-001
  4.91440714e-312  1.00000000e-001  1.50000000e-001              nan
              nan              nan  8.00000000e-001  7.00000000e-001
  2.30000000e+000  4.55000000e+000              nan              nan
  2.00171601e+000  9.00000000e-001  1.20000000e+000  4.91440714e-312
  8.50000000e-001              nan              nan              nan
              nan              nan  1.03524946e-002              nan
 -2.00000000e-001  3.00000000e-001  4.00000000e-001              nan
  9.31309849e-004              nan              nan  3.00000000e-001
  5.00000000e-001  2.36498585e-003              nan              nan
              nan  1.24507318e-002              nan  5.03929037e-003
  4.01948140e-001              nan              nan              nan
              nan -2.00000000e-001  4.91440715e-312  4.00000000e-001
  3.50000000e-001              nan              nan              nan
 -2.00000000e-001  2.00154665e-001  1.73435602e-002              nan
              nan              nan              nan              nan
              nan              nan -1.99443669e-001  5.00000000e-001
              nan  3.00053435e-001  9.53425217e-004  1.42011834e-002
  4.91510505e-312  1.65000000e+000              nan              nan
              nan  1.33966942e+000  2.00000000e-001  5.89728348e-312
              nan  4.54456747e+001  1.31000000e+001  8.10000000e+000
  1.01500000e+001  3.23200000e+000  4.70000000e+000  2.95000000e+000
  3.32975207e+000  1.00000000e+000  3.80000000e+000  5.50000000e-001
  6.50000000e-001  4.91510505e-312  2.35000000e+000              nan
              nan              nan              nan              nan
              nan -1.00000000e-001              nan              nan
              nan  2.00000000e-001  2.00000000e-001  5.85654618e-002
              nan              nan              nan  8.30444103e-002
              nan              nan              nan  1.00000000e-001
  6.43289015e-002              nan              nan              nan
  6.45677985e-002              nan              nan              nan
              nan              nan  6.00000000e-001  6.00000000e-001
  6.52064719e-002  5.50000000e-001  8.44444444e-001  3.00000000e-001
  8.76950000e-001              nan              nan              nan
              nan              nan              nan -9.74031721e-002
  1.50000000e-001  5.10493827e-001  1.00000000e-001              nan
              nan  1.00000000e+000  3.33662114e-002              nan
              nan              nan              nan              nan
              nan              nan              nan              nan
              nan              nan              nan  2.75023811e-002
  4.67315752e-002  7.00000000e-001  5.27777778e-001  1.20000000e+000
  9.53760629e-001  5.02107513e-002              nan  6.00000000e-001
              nan              nan              nan              nan
              nan              nan              nan              nan
              nan              nan  1.00000000e-001              nan
              nan              nan              nan              nan
              nan              nan              nan              nan
              nan -2.00000000e-001  4.91440679e-312  2.68496074e-002
  2.10000000e+000              nan              nan              nan
 -1.56611570e-001  4.91440679e-312  2.20000000e+000  1.08000000e+000
  8.19444444e-002  4.91440679e-312  1.55000000e+000              nan
              nan              nan              nan  5.91761388e-002
              nan  3.00000000e-001              nan  2.20135089e-002
              nan  1.85000000e+000              nan  4.91440679e-312
  5.50000000e-001              nan              nan              nan
  1.50000000e+000  1.19399778e-002  3.60511632e-002  3.29913289e-001]
Mean Feature importances std. deviation Across Runs
[           nan            nan            nan 0.00000000e+00
 0.00000000e+00 0.00000000e+00 0.00000000e+00            nan
            nan            nan 0.00000000e+00 0.00000000e+00
 4.02377669e-03 0.00000000e+00            nan 9.57642407e-05
            nan 0.00000000e+00            nan            nan
            nan 3.25778617e-04 3.53814615e-05            nan
 1.71843613e-04 3.02519321e-04 3.42648804e-04            nan
            nan            nan            nan 0.00000000e+00
 0.00000000e+00 0.00000000e+00 0.00000000e+00            nan
            nan            nan 0.00000000e+00 4.55679552e-05
            nan            nan 6.12413241e-05            nan
            nan 0.00000000e+00            nan            nan
            nan 0.00000000e+00 0.00000000e+00 0.00000000e+00
 0.00000000e+00            nan            nan 5.35106113e-05
            nan            nan 2.44652128e-03 0.00000000e+00
            nan 1.60674675e-04            nan 0.00000000e+00
 0.00000000e+00 0.00000000e+00 0.00000000e+00            nan
            nan            nan            nan            nan
            nan 0.00000000e+00 0.00000000e+00 0.00000000e+00
 0.00000000e+00            nan            nan            nan
 0.00000000e+00 0.00000000e+00 0.00000000e+00 0.00000000e+00
            nan            nan            nan 0.00000000e+00
 0.00000000e+00 0.00000000e+00 0.00000000e+00            nan
            nan            nan 0.00000000e+00            nan
            nan            nan            nan            nan
            nan 0.00000000e+00            nan            nan
            nan            nan            nan            nan
 0.00000000e+00 0.00000000e+00 0.00000000e+00 0.00000000e+00
            nan            nan            nan 0.00000000e+00
            nan            nan            nan 0.00000000e+00
 0.00000000e+00            nan            nan            nan
            nan            nan            nan            nan
            nan            nan            nan            nan
            nan            nan            nan            nan
            nan 0.00000000e+00 0.00000000e+00 0.00000000e+00
            nan            nan            nan 0.00000000e+00
            nan            nan            nan            nan
            nan            nan            nan 0.00000000e+00
 0.00000000e+00 0.00000000e+00            nan            nan
            nan 9.38266637e-04 0.00000000e+00 1.93421109e-03
 0.00000000e+00            nan            nan 1.24226757e-03
            nan            nan            nan            nan
            nan            nan            nan 0.00000000e+00
 2.79062597e-04 0.00000000e+00 0.00000000e+00 0.00000000e+00
 0.00000000e+00 0.00000000e+00 0.00000000e+00            nan
            nan            nan            nan            nan
            nan 0.00000000e+00 0.00000000e+00 0.00000000e+00
 0.00000000e+00 0.00000000e+00            nan 1.28352631e-03
 0.00000000e+00 0.00000000e+00 0.00000000e+00 0.00000000e+00
            nan 1.27647559e-03 0.00000000e+00 0.00000000e+00
            nan 1.28643876e-03            nan 0.00000000e+00
            nan 0.00000000e+00 0.00000000e+00            nan
            nan            nan            nan            nan
            nan 0.00000000e+00 6.04964699e-04            nan
            nan            nan            nan            nan
 2.28935680e-04 1.11468578e-03 0.00000000e+00 0.00000000e+00
 0.00000000e+00 0.00000000e+00 0.00000000e+00 0.00000000e+00
 0.00000000e+00 0.00000000e+00 0.00000000e+00 0.00000000e+00
 0.00000000e+00 0.00000000e+00 0.00000000e+00 0.00000000e+00
 0.00000000e+00 0.00000000e+00 0.00000000e+00            nan
            nan            nan            nan            nan
            nan            nan            nan            nan
            nan 2.81655322e-04 0.00000000e+00 0.00000000e+00
 0.00000000e+00            nan            nan            nan
            nan            nan            nan 0.00000000e+00
 0.00000000e+00 0.00000000e+00 0.00000000e+00            nan
            nan            nan 0.00000000e+00 0.00000000e+00
 0.00000000e+00 0.00000000e+00            nan            nan
 0.00000000e+00 0.00000000e+00 0.00000000e+00 0.00000000e+00
 0.00000000e+00            nan            nan            nan
            nan            nan 4.54410114e-04            nan
 0.00000000e+00 0.00000000e+00 0.00000000e+00            nan
 2.97853192e-05            nan            nan 0.00000000e+00
 0.00000000e+00 1.00548015e-04            nan            nan
            nan 1.48157634e-04            nan 5.49316082e-05
 0.00000000e+00            nan            nan            nan
            nan 0.00000000e+00 0.00000000e+00 0.00000000e+00
 0.00000000e+00            nan            nan            nan
 0.00000000e+00 0.00000000e+00 3.28914184e-03            nan
            nan            nan            nan            nan
            nan            nan 9.23779096e-05 0.00000000e+00
            nan 5.34347026e-05 8.75439683e-05 0.00000000e+00
 0.00000000e+00 0.00000000e+00            nan            nan
            nan 0.00000000e+00 0.00000000e+00 0.00000000e+00
            nan 0.00000000e+00 0.00000000e+00 0.00000000e+00
 0.00000000e+00 0.00000000e+00 0.00000000e+00 0.00000000e+00
 0.00000000e+00 0.00000000e+00 0.00000000e+00 0.00000000e+00
 0.00000000e+00 0.00000000e+00 0.00000000e+00            nan
            nan            nan            nan            nan
            nan 0.00000000e+00            nan            nan
            nan 0.00000000e+00 0.00000000e+00 3.37310274e-03
            nan            nan            nan 9.72184523e-04
            nan            nan            nan 0.00000000e+00
 8.37369501e-04            nan            nan            nan
 1.25280952e-03            nan            nan            nan
            nan            nan 0.00000000e+00 0.00000000e+00
 3.74914969e-03 0.00000000e+00 0.00000000e+00 0.00000000e+00
 0.00000000e+00            nan            nan            nan
            nan            nan            nan 2.59682791e-03
 0.00000000e+00 0.00000000e+00 0.00000000e+00            nan
            nan 0.00000000e+00 7.35015328e-03            nan
            nan            nan            nan            nan
            nan            nan            nan            nan
            nan            nan            nan 3.07089498e-03
 9.26582431e-04 0.00000000e+00 0.00000000e+00 0.00000000e+00
 1.43206700e-04 4.82704494e-03            nan 0.00000000e+00
            nan            nan            nan            nan
            nan            nan            nan            nan
            nan            nan 0.00000000e+00            nan
            nan            nan            nan            nan
            nan            nan            nan            nan
            nan 0.00000000e+00 0.00000000e+00 1.42041906e-03
 0.00000000e+00            nan            nan            nan
 0.00000000e+00 0.00000000e+00 0.00000000e+00 0.00000000e+00
 0.00000000e+00 0.00000000e+00 0.00000000e+00            nan
            nan            nan            nan 5.24553129e-03
            nan 0.00000000e+00            nan 3.00451736e-05
            nan 0.00000000e+00            nan 0.00000000e+00
 0.00000000e+00            nan            nan            nan
 0.00000000e+00 1.19399778e-02 1.18369736e-02 1.43334537e-02]
