MODEL RESULTS for run at: rf_2_elas_20200201-202441.txt

Model Parameters:-----------------------------------
Model: rf
Feature selection: elas
X is: C:\Users\jjnun\Documents\Sync\Research\1_CANBIND Replication\teyden-git\data\final_datasets\to_run_20201016\1_Replication\X_lvl2_rem_qids01__final.csv
y is: C:\Users\jjnun\Documents\Sync\Research\1_CANBIND Replication\teyden-git\data\final_datasets\to_run_20201016\1_Replication\y_lvl2_rem_qids01__final.csv
2 runs of 10-fold CV

Summary of Results:------------------------------------
Mean accuracy is: 0.6982, with Standard Deviation: 0.002183
Mean balanced accuracy is: 0.7049, with Standard Deviation: 0.002658
Mean sensitivty is: 0.7194, with Standard Deviation: 0.003495
Mean specificty is: 0.6904, with Standard Deviation: 0.001821
Mean precision is: 0.4732, with Standard Deviation: 0.002715
Mean f1 is: 0.5692, with Standard Deviation: 0.0038
Mean number of features used is: 30.9500, with Standard Deviation: 0.0500

Feature Importance And Use:---------------------------
Top 30 Features by importance, in descending order (1st most important):
By position in data matrix, 1 added to skip index=0 
[369 465 472 473 474 475 477 366 227 371 374 375 376 378 379 381 382 383
 384 386 387 388 389 390 392 393 394 395 397 398]
Raw results:----------------------------------------
Accuracies
[0.69603175 0.70039683]
Balanced Accuracies
[0.70222632 0.70754206]
Sensitivites
[0.71589604 0.7228852 ]
Specificities
[0.68855661 0.69219892]
Precisions
[0.4705238  0.47595417]
F1s
[0.56541513 0.57301723]
Number of features used
[30.9 31. ]
Mean Feature importances Across Runs
[8.9708e-003,7.2127e-003,9.8292e-312,9.8292e-312,9.8292e-312,9.8292e-312,9.8292e-312,9.8292e-312
,9.8292e-312,9.8292e-312,9.8292e-312,9.8292e-312,2.6074e-002,9.8292e-312,9.8292e-312,1.7281e-002
,9.8292e-312,9.8292e-312,9.8292e-312,9.8292e-312,9.8292e-312,2.0576e-002,2.6256e-005,9.8292e-312
,2.7044e-002,6.6705e-003,6.7686e-003,9.8292e-312,9.8292e-312,9.8292e-312,9.8292e-312,9.8292e-312
,9.8292e-312,9.8292e-312,9.8292e-312,9.8292e-312,9.8292e-312,9.8292e-312,9.8292e-312,2.4867e-002
,9.8292e-312,9.8292e-312,1.5997e-002,9.8292e-312,9.8292e-312,9.8292e-312,1.6520e-004,9.8292e-312
,9.8292e-312,9.8292e-312,9.8292e-312,9.8292e-312,9.8292e-312,9.8292e-312,9.8292e-312,2.8675e-003
,9.8292e-312,9.8292e-312,3.8613e-002,2.6786e-003,9.8292e-312,9.6659e-003,9.8292e-312,9.8292e-312
,9.8292e-312,9.8292e-312,9.8292e-312,9.8292e-312,9.8292e-312,9.8292e-312,9.8292e-312,9.8292e-312
,9.8292e-312,9.8292e-312,9.8292e-312,9.8292e-312,9.8292e-312,9.8292e-312,9.8292e-312,9.8292e-312
,9.8292e-312,9.8292e-312,9.8292e-312,9.8292e-312,9.8292e-312,9.8292e-312,9.8292e-312,9.8292e-312
,9.8292e-312,9.8292e-312,9.8292e-312,9.8292e-312,9.8292e-312,9.8292e-312,9.8292e-312,9.8292e-312
,9.8292e-312,9.8292e-312,9.8292e-312,9.8292e-312,9.8292e-312,9.8292e-312,9.8292e-312,9.8292e-312
,9.8292e-312,9.8292e-312,9.8292e-312,9.8292e-312,9.8292e-312,9.8292e-312,9.8292e-312,9.8292e-312
,9.8292e-312,9.8292e-312,9.8292e-312,9.8292e-312,9.8292e-312,9.8292e-312,9.8292e-312,9.8292e-312
,9.8292e-312,9.7661e-001,4.8665e-001,2.1287e+000,1.9818e+000,1.4012e+000,2.6406e-001,2.6406e-001
,2.2330e-001,1.0000e-001,1.7306e-001,3.1535e-001,2.1176e+000,2.0711e+000,1.9124e+000,1.1550e+000
,1.2146e+000,8.3152e-001,8.0328e-001,5.4317e-001,1.0461e+000,1.9249e+000,1.5802e+000,6.9048e-001
,1.7721e+000,1.0378e+000,1.4948e+000,7.9165e-001,7.4303e-001,4.2215e-001,5.0623e-001,2.2330e-001
,1.8213e+000,9.9972e-002,1.0000e-001,1.0000e-001,1.0000e-001,1.9737e-002,7.3029e-001,2.2932e-002
,3.1535e-001,4.3360e-001,2.9925e-001,2.2652e-002,2.9925e-001,2.6406e-001,3.3066e-001,5.3736e+000
,4.8072e+000,5.1244e+000,3.1391e+000,2.6888e+000,1.1694e-002,3.6677e+000,4.3541e+000,4.0217e+000
,3.2326e+000,4.1759e+000,3.2971e+000,3.2262e+000,2.9240e+000,2.9097e+000,3.1858e+000,1.4395e+001
,5.0324e+000,4.4141e+000,5.2948e+000,3.4363e+000,3.3768e+000,3.7931e+000,3.9389e+000,8.2686e-003
,4.3697e+000,3.3305e+000,4.6882e+000,3.1305e+000,4.0640e+000,3.4507e+000,3.4022e+000,4.2062e+000
,1.8085e+001,4.8621e+000,4.8276e+000,4.6578e+000,2.7850e+000,3.3384e+000,3.2014e+000,2.4354e+000
,3.5394e+000,2.4624e+000,3.2869e+000,4.4050e+000,2.7335e+000,3.5636e+000,9.8685e-003,2.7165e+000
,3.0662e+000,1.8391e+001,4.5386e+000,4.2093e+000,2.1133e-002,2.9838e+000,1.7424e+000,1.8244e-307
,9.8292e-312,9.1226e-308,9.8292e-312,9.8292e-312,4.4741e+000,2.5167e+000,4.0679e+000,3.6078e+000
,3.1028e+000,3.5181e+000,2.0039e+001,4.1521e+000,3.6848e+000,4.4060e+000,4.2041e+000,4.2603e+000
,4.4832e+000,4.0384e+000,3.8306e+000,4.9777e+000,4.9417e+000,5.1240e+000,4.6269e+000,4.3691e+000
,3.6648e+000,3.9967e+000,3.8179e+000,6.4459e+001,4.7119e+000,2.9965e+000,3.0637e+000,2.1263e+000
,2.0694e+000,1.1140e+000,1.4900e+000,4.9269e+000,4.4145e+000,4.3481e+000,4.6994e+000,4.4687e+000
,5.0137e+001,3.6741e+001,7.9362e+000,7.0146e+000,5.8548e+000,1.9031e+000,2.1287e+000,1.3422e+001
,1.6843e+000,1.7914e+000,7.8787e-001,2.7327e+000,1.1063e+000,6.9729e-001,4.4775e+000,1.3218e-001
,1.8311e+000,7.0403e-001,1.0926e-002,1.3398e+000,6.0619e+000,2.0263e+000,1.2392e+001,2.1118e+000
,3.6655e+001,9.0806e-004,8.1670e+001,1.1829e+001,1.1526e+001,2.3534e-003,9.5958e+001,1.9469e+002
,1.1827e+002,7.7858e-003,1.4154e+002,1.0265e+001,9.4306e+000,9.4052e+000,1.0088e+001,1.0062e+001
,3.9351e+001,1.5365e+000,1.0033e+001,1.0958e+001,1.1527e+001,1.9041e+001,1.5171e+001,1.2525e+001
,1.4503e+001,1.2088e+001,9.4156e+000,4.9321e+001,9.3069e+000,8.0168e+000,7.9210e+000,3.9880e+000
,6.6422e+002,1.5166e+001,3.3104e+000,3.2841e+000,3.8420e+000,5.9758e+000,1.7490e+000,2.1962e+000
,6.9104e+000,3.8643e+000,4.5739e+000,3.4685e+000,9.5217e+000,3.2642e+000,8.5037e+000,2.2710e+001
,1.1934e+001,3.3765e+000,3.8520e+001,2.3874e+001,8.1470e+001,1.3485e+001,1.3662e+001,8.9655e+001
,9.6741e+001,1.9499e+002,1.1935e+002,5.0325e+002,1.4434e+002,1.6642e+001,9.4254e+000,9.5250e+000
,1.0108e+001,1.0117e+001,3.9668e+001,1.5160e+000,1.0020e+001,1.0955e+001,1.1455e+001,1.4046e+001
,1.0685e+001,8.2875e+000,9.7206e+000,5.1123e-002,1.6410e-002,9.8291e-312,1.3711e+000,8.3854e-002
,8.8463e-312,1.8116e-307,9.8292e-312,9.8293e-312,5.5035e-002,9.8292e-312,9.8292e-312,9.8292e-312
,5.8953e-002,9.8292e-312,9.8292e-312,2.2237e-002,9.8292e-312,9.8292e-312,9.8292e-312,9.8292e-312
,4.4208e-002,9.8292e-312,9.8292e-312,9.8292e-312,9.8292e-312,9.8292e-312,1.2872e-002,9.8292e-312
,9.8292e-312,9.8292e-312,9.8292e-312,9.4521e-003,9.8292e-312,9.8292e-312,9.8292e-312,9.8292e-312
,9.8292e-312,9.8292e-312,3.1759e-002,9.8292e-312,9.8292e-312,9.8292e-312,9.8292e-312,9.8292e-312
,9.8292e-312,9.8292e-312,9.8292e-312,1.8244e-307,9.8292e-312,9.8293e-312,9.8292e-312,2.7541e-002
,4.3872e-002,9.8292e-312,9.8292e-312,9.8292e-312,9.8292e-312,5.7253e-002,9.8292e-312,9.8292e-312
,9.8292e-312,9.8292e-312,9.8292e-312,9.8292e-312,9.8292e-312,9.8292e-312,9.8292e-312,9.8292e-312
,9.8292e-312,9.8292e-312,9.8292e-312,9.8292e-312,1.0582e-003,1.8680e-003,9.8292e-312,9.8292e-312
,9.8292e-312,2.8722e-005,9.8292e-312,9.8292e-312,9.8292e-312,9.8292e-312,9.8292e-312,2.2457e-002
,9.8292e-312,9.8292e-312,9.8292e-312,9.8292e-312,9.8292e-312,9.8292e-312,9.8292e-312,9.8292e-312
,9.8292e-312,9.8292e-312,9.8292e-312,9.8292e-312,9.8292e-312,9.8292e-312,9.8292e-312,2.0291e-002
,8.8463e-312,9.8292e-312,9.8292e-312,2.0294e-002,9.8292e-312,9.8292e-312,9.8292e-312,8.8463e-312
,8.8463e-312,8.8463e-312,8.8463e-312,9.8305e-312,8.8463e-312,3.1960e-002,nan,5.4132e-002]
Mean Feature importances std. deviation Across Runs
[1.5514e-03,3.0777e-03,0.0000e+00,0.0000e+00,0.0000e+00,0.0000e+00,0.0000e+00,0.0000e+00,0.0000e+00
,0.0000e+00,0.0000e+00,0.0000e+00,1.9940e-03,0.0000e+00,0.0000e+00,4.5870e-04,0.0000e+00,0.0000e+00
,0.0000e+00,0.0000e+00,0.0000e+00,5.1670e-04,2.6256e-05,0.0000e+00,2.5640e-04,5.2851e-04,3.4037e-04
,0.0000e+00,0.0000e+00,0.0000e+00,0.0000e+00,0.0000e+00,0.0000e+00,0.0000e+00,0.0000e+00,0.0000e+00
,0.0000e+00,0.0000e+00,0.0000e+00,1.8324e-03,0.0000e+00,0.0000e+00,6.9815e-04,0.0000e+00,0.0000e+00
,0.0000e+00,1.6520e-04,0.0000e+00,0.0000e+00,0.0000e+00,0.0000e+00,0.0000e+00,0.0000e+00,0.0000e+00
,0.0000e+00,6.3638e-04,0.0000e+00,0.0000e+00,1.6429e-03,9.4116e-04,0.0000e+00,7.2886e-04,0.0000e+00
,0.0000e+00,0.0000e+00,0.0000e+00,0.0000e+00,0.0000e+00,0.0000e+00,0.0000e+00,0.0000e+00,0.0000e+00
,0.0000e+00,0.0000e+00,0.0000e+00,0.0000e+00,0.0000e+00,0.0000e+00,0.0000e+00,0.0000e+00,0.0000e+00
,0.0000e+00,0.0000e+00,0.0000e+00,0.0000e+00,0.0000e+00,0.0000e+00,0.0000e+00,0.0000e+00,0.0000e+00
,0.0000e+00,0.0000e+00,0.0000e+00,0.0000e+00,0.0000e+00,0.0000e+00,0.0000e+00,0.0000e+00,0.0000e+00
,0.0000e+00,0.0000e+00,0.0000e+00,0.0000e+00,0.0000e+00,0.0000e+00,0.0000e+00,0.0000e+00,0.0000e+00
,0.0000e+00,0.0000e+00,0.0000e+00,0.0000e+00,0.0000e+00,0.0000e+00,0.0000e+00,0.0000e+00,0.0000e+00
,0.0000e+00,0.0000e+00,0.0000e+00,0.0000e+00,0.0000e+00,0.0000e+00,0.0000e+00,0.0000e+00,0.0000e+00
,0.0000e+00,0.0000e+00,0.0000e+00,0.0000e+00,0.0000e+00,0.0000e+00,0.0000e+00,0.0000e+00,0.0000e+00
,0.0000e+00,0.0000e+00,0.0000e+00,0.0000e+00,0.0000e+00,1.0368e+00,0.0000e+00,0.0000e+00,0.0000e+00
,0.0000e+00,0.0000e+00,0.0000e+00,0.0000e+00,0.0000e+00,0.0000e+00,0.0000e+00,0.0000e+00,0.0000e+00
,0.0000e+00,0.0000e+00,0.0000e+00,0.0000e+00,3.3944e-03,0.0000e+00,1.1486e-03,0.0000e+00,0.0000e+00
,0.0000e+00,2.1046e-03,0.0000e+00,0.0000e+00,0.0000e+00,0.0000e+00,0.0000e+00,0.0000e+00,0.0000e+00
,0.0000e+00,1.2854e-04,0.0000e+00,0.0000e+00,0.0000e+00,0.0000e+00,0.0000e+00,0.0000e+00,0.0000e+00
,1.5189e-03,0.0000e+00,0.0000e+00,0.0000e+00,0.0000e+00,0.0000e+00,0.0000e+00,0.0000e+00,0.0000e+00
,0.0000e+00,0.0000e+00,1.7784e-03,0.0000e+00,0.0000e+00,0.0000e+00,0.0000e+00,0.0000e+00,1.2935e-03
,0.0000e+00,0.0000e+00,0.0000e+00,3.5575e-04,0.0000e+00,0.0000e+00,0.0000e+00,0.0000e+00,0.0000e+00
,0.0000e+00,0.0000e+00,0.0000e+00,0.0000e+00,0.0000e+00,0.0000e+00,0.0000e+00,6.4349e-04,1.3303e-03
,0.0000e+00,1.0336e-03,0.0000e+00,0.0000e+00,1.2584e-04,0.0000e+00,1.7402e+00,0.0000e+00,0.0000e+00
,0.0000e+00,0.0000e+00,0.0000e+00,0.0000e+00,0.0000e+00,0.0000e+00,0.0000e+00,0.0000e+00,0.0000e+00
,0.0000e+00,0.0000e+00,0.0000e+00,0.0000e+00,0.0000e+00,1.5710e-03,0.0000e+00,0.0000e+00,0.0000e+00
,0.0000e+00,0.0000e+00,0.0000e+00,1.2864e-05,0.0000e+00,0.0000e+00,0.0000e+00,0.0000e+00,0.0000e+00
,0.0000e+00,0.0000e+00,0.0000e+00,0.0000e+00,0.0000e+00,0.0000e+00,0.0000e+00,0.0000e+00,0.0000e+00
,0.0000e+00,0.0000e+00,0.0000e+00,0.0000e+00,0.0000e+00,0.0000e+00,0.0000e+00,0.0000e+00,0.0000e+00
,0.0000e+00,0.0000e+00,0.0000e+00,0.0000e+00,0.0000e+00,0.0000e+00,0.0000e+00,0.0000e+00,0.0000e+00
,1.3188e-01,0.0000e+00,0.0000e+00,2.0122e-05,0.0000e+00,0.0000e+00,0.0000e+00,0.0000e+00,0.0000e+00
,2.3410e-05,3.8627e-05,3.8828e-06,0.0000e+00,0.0000e+00,1.6963e-04,0.0000e+00,0.0000e+00,0.0000e+00
,2.8776e-04,0.0000e+00,8.2981e-04,6.2827e-06,0.0000e+00,0.0000e+00,0.0000e+00,0.0000e+00,0.0000e+00
,0.0000e+00,5.2172e-04,0.0000e+00,0.0000e+00,0.0000e+00,0.0000e+00,0.0000e+00,0.0000e+00,2.9396e-04
,0.0000e+00,0.0000e+00,0.0000e+00,0.0000e+00,5.1106e-05,0.0000e+00,0.0000e+00,1.6480e+00,0.0000e+00
,2.1290e-05,6.1576e-06,1.7484e+00,4.0615e-05,0.0000e+00,0.0000e+00,0.0000e+00,0.0000e+00,0.0000e+00
,0.0000e+00,0.0000e+00,0.0000e+00,0.0000e+00,0.0000e+00,0.0000e+00,0.0000e+00,0.0000e+00,0.0000e+00
,0.0000e+00,0.0000e+00,0.0000e+00,0.0000e+00,0.0000e+00,0.0000e+00,0.0000e+00,0.0000e+00,0.0000e+00
,0.0000e+00,0.0000e+00,0.0000e+00,0.0000e+00,0.0000e+00,0.0000e+00,0.0000e+00,0.0000e+00,0.0000e+00
,0.0000e+00,0.0000e+00,0.0000e+00,2.8656e-03,7.3230e-04,0.0000e+00,0.0000e+00,1.7270e-03,0.0000e+00
,0.0000e+00,0.0000e+00,0.0000e+00,8.3890e-03,0.0000e+00,0.0000e+00,0.0000e+00,1.5297e-03,0.0000e+00
,0.0000e+00,6.9698e-03,0.0000e+00,0.0000e+00,0.0000e+00,0.0000e+00,4.7405e-03,0.0000e+00,0.0000e+00
,0.0000e+00,0.0000e+00,0.0000e+00,7.2943e-03,0.0000e+00,0.0000e+00,0.0000e+00,0.0000e+00,5.2789e-03
,0.0000e+00,0.0000e+00,0.0000e+00,0.0000e+00,0.0000e+00,0.0000e+00,3.2345e-03,0.0000e+00,0.0000e+00
,0.0000e+00,0.0000e+00,0.0000e+00,0.0000e+00,0.0000e+00,0.0000e+00,0.0000e+00,0.0000e+00,0.0000e+00
,0.0000e+00,5.5294e-03,2.5728e-03,0.0000e+00,0.0000e+00,0.0000e+00,0.0000e+00,1.8238e-03,0.0000e+00
,0.0000e+00,0.0000e+00,0.0000e+00,0.0000e+00,0.0000e+00,0.0000e+00,0.0000e+00,0.0000e+00,0.0000e+00
,0.0000e+00,0.0000e+00,0.0000e+00,0.0000e+00,2.1702e-04,2.3406e-05,0.0000e+00,0.0000e+00,0.0000e+00
,2.8722e-05,0.0000e+00,0.0000e+00,0.0000e+00,0.0000e+00,0.0000e+00,1.6835e-03,0.0000e+00,0.0000e+00
,0.0000e+00,0.0000e+00,0.0000e+00,0.0000e+00,0.0000e+00,0.0000e+00,0.0000e+00,0.0000e+00,0.0000e+00
,0.0000e+00,0.0000e+00,0.0000e+00,0.0000e+00,2.0291e-02,0.0000e+00,0.0000e+00,0.0000e+00,7.8031e-04
,0.0000e+00,0.0000e+00,0.0000e+00,0.0000e+00,0.0000e+00,0.0000e+00,0.0000e+00,0.0000e+00,0.0000e+00
,5.8531e-03,nan,8.7771e-03]
