MODEL RESULTS for run at: rf_2_full_20200201-135840.txt

Model Parameters:-----------------------------------
Model: rf
Feature selection: full
X is: C:\Users\jjnun\Documents\Sync\Research\1_CANBIND Replication\teyden-git\data\final_datasets\to_run_20201016\1_Replication\X_lvl2_rem_qids01__final.csv
y is: C:\Users\jjnun\Documents\Sync\Research\1_CANBIND Replication\teyden-git\data\final_datasets\to_run_20201016\1_Replication\y_lvl2_rem_qids01__final.csv
2 runs of 10-fold CV

Summary of Results:------------------------------------
Mean accuracy is: 0.6994, with Standard Deviation: 0.000992
Mean balanced accuracy is: 0.7279, with Standard Deviation: 0.001013
Mean sensitivty is: 0.7917, with Standard Deviation: 0.002853
Mean specificty is: 0.6642, with Standard Deviation: 0.000827
Mean precision is: 0.4753, with Standard Deviation: 0.000457
Mean f1 is: 0.5920, with Standard Deviation: 0.0026
Mean number of features used is: 460.6983, with Standard Deviation: 0.1550

Raw results:----------------------------------------
Accuracies
[0.6984127  0.70039683]
Balanced Accuracies
[0.72691971 0.72894573]
Sensitivites
[0.78880137 0.79450653]
Specificities
[0.66503805 0.66338493]
Precisions
[0.47480745 0.47572155]
F1s
[0.58946619 0.59459663]
Feature importances
[[1.27956124e-03 1.34090092e-03 7.80710770e-03 1.42416673e-03
  1.86996706e-03 6.80396982e-04 1.82493165e-03 1.92115335e-03
  1.31705790e-03 6.07750590e-04 1.36318953e-03 2.25761345e-03
  1.81489904e-03 1.78055228e-03 1.59556848e-03 1.28258338e-03
  1.47750743e-03 1.02915867e-03 1.17315007e-04 3.45958384e-03
  1.11965099e-03 1.63335797e-03 2.46498120e-05 1.00246444e-03
  2.14473321e-03 7.66525669e-04 7.64140335e-04 6.09984613e-07
  0.00000000e+00 6.36874521e-03 9.97144046e-04 3.18191840e-03
  1.66255653e-03 3.55938846e-03 6.42454053e-03 1.35148430e-03
  1.71900496e-03 1.84264811e-03 3.61543745e-03 1.31774836e-03
  4.20547140e-04 5.67334981e-04 1.21524908e-03 2.03102934e-04
  3.57577719e-05 0.00000000e+00 5.68043130e-05 6.00042251e-04
  1.16727910e-03 1.02491018e-03 1.00442972e-03 5.98745818e-04
  9.80455517e-04 5.53021265e-04 8.14838551e-04 4.24145561e-04
  7.59181375e-04 7.16880833e-04 3.87648478e-03 7.12439821e-04
  4.41893306e-04 7.28995303e-04 9.03648795e-04 1.17122302e-04
  8.70488591e-04 5.75065917e-04 5.88888453e-04 6.12426515e-04
  5.91273607e-04 6.95940463e-04 6.69643823e-04 1.54186722e-03
  1.48065860e-03 9.32342688e-04 6.27062437e-03 8.09297572e-04
  1.73623108e-03 3.70508666e-04 6.20716774e-04 7.24352016e-04
  1.51161543e-03 7.40353135e-03 1.80702602e-03 1.63328148e-03
  1.74000981e-03 2.17700409e-03 2.67170879e-03 8.40171025e-04
  1.60169962e-03 1.32786398e-03 2.38828624e-03 2.16124797e-03
  2.12444650e-03 2.27149734e-03 2.13291925e-03 1.48298028e-03
  1.92653802e-03 1.86969976e-03 1.70477180e-03 7.70557341e-03
  3.36645660e-03 2.11554680e-03 2.19479077e-03 1.50677180e-03
  1.91367948e-03 2.97011229e-03 1.93176675e-03 2.30081260e-03
  2.73172688e-03 1.97393632e-03 8.89216478e-04 2.21707896e-03
  1.95067744e-03 1.55718338e-03 1.75835439e-03 1.52835823e-03
  2.20380324e-03 2.17427491e-03 2.29400075e-03 1.94055302e-03
  2.63097821e-03 3.54887626e-03 2.43031161e-03 2.10648405e-03
  1.49962364e-03 2.34663930e-03 2.50558708e-03 2.46301321e-03
  1.81113918e-03 2.11318193e-03 2.18035965e-03 7.59991401e-04
  5.04325329e-04 9.81019772e-04 1.18771618e-03 8.00896237e-04
  6.40008141e-04 6.92405246e-04 8.71147924e-04 8.13413216e-04
  9.83052500e-04 8.84499560e-04 1.09424305e-03 7.22557579e-04
  8.73493673e-04 8.57602154e-04 8.98931252e-04 7.60383309e-04
  8.50746180e-04 9.95187102e-04 8.14744204e-04 9.48535860e-04
  1.02387396e-03 6.30750876e-04 9.39398601e-04 1.33804354e-03
  1.06678233e-03 1.54052973e-03 1.11852870e-03 1.56113008e-03
  1.09744772e-03 1.21329758e-03 1.16253520e-03 1.44793121e-03
  1.17380079e-03 1.03218567e-03 9.86079044e-04 9.49033496e-04
  8.84945188e-04 9.98140175e-04 9.29025070e-04 9.34621744e-04
  1.17843229e-03 9.52752095e-04 8.51254360e-04 1.01180283e-03
  1.00421682e-03 8.66027690e-04 8.31930797e-04 8.75118262e-04
  9.06044894e-04 7.57577045e-04 8.34651422e-04 8.06300652e-04
  7.01554761e-04 4.26045596e-04 1.01301300e-03 6.37080672e-04
  9.68776027e-04 1.08471197e-03 7.27793325e-04 8.97283956e-04
  5.61910847e-04 9.71794045e-04 5.74886852e-04 8.46746409e-04
  1.02702049e-03 1.22989605e-03 9.63123788e-04 1.10263359e-03
  1.08298807e-03 1.45075406e-03 9.40295106e-04 7.80290315e-04
  7.60055463e-04 6.91945957e-04 7.88425783e-04 8.40724099e-04
  8.13889076e-04 7.63476702e-04 8.69369966e-04 3.52314287e-04
  2.26807169e-04 2.95130437e-04 5.02740239e-04 1.31240596e-03
  9.74315652e-04 1.69647091e-03 1.18067211e-03 8.76289410e-04
  1.32070530e-03 9.59289264e-04 8.24480343e-04 4.65048655e-04
  9.41828356e-04 9.51518832e-04 9.27290471e-04 9.80243051e-04
  9.37998836e-04 1.19785373e-03 1.03412595e-03 9.31185088e-04
  9.72617582e-04 6.86924257e-04 8.26003153e-04 8.97870766e-04
  9.23021380e-04 8.63838744e-04 1.10997858e-03 1.09534822e-03
  9.40233872e-04 7.20396937e-04 5.37587215e-04 4.50979400e-04
  7.52108353e-04 6.32851241e-04 4.91623456e-04 4.28493175e-04
  3.14792668e-04 3.04834101e-04 5.40468443e-04 3.26706890e-04
  2.76100323e-04 1.36508005e-03 9.58719175e-04 1.00686846e-03
  9.32936164e-04 8.76285416e-04 8.59702344e-04 8.89337627e-04
  8.90202750e-04 8.60558106e-04 1.08050879e-03 1.11986186e-03
  1.66799946e-03 9.50963086e-04 6.34892066e-04 7.63907130e-04
  1.15742234e-03 1.08549732e-03 6.67852501e-04 6.79484651e-04
  6.35396552e-04 7.04480998e-03 3.98084925e-03 8.62192560e-03
  9.99884797e-04 3.03154367e-04 3.23278737e-04 7.10750675e-05
  5.66217480e-04 1.01643200e-04 7.15826669e-04 6.01081883e-04
  2.34718290e-04 1.01180718e-03 1.00087165e-03 8.26537687e-04
  7.95427547e-05 7.90034195e-05 4.63105917e-05 0.00000000e+00
  7.69091577e-05 1.51953169e-04 9.91223492e-04 1.11288242e-03
  1.08884275e-03 6.55739623e-04 5.97995082e-04 4.26786249e-04
  4.35084433e-04 1.54852347e-04 9.85691805e-04 9.95152919e-04
  7.97956879e-04 4.18261166e-04 9.31286529e-04 4.89049491e-04
  7.46692200e-04 6.27388982e-04 4.01726015e-04 2.48239428e-04
  1.80941567e-04 3.21960930e-05 1.18484868e-03 1.54134890e-06
  0.00000000e+00 0.00000000e+00 0.00000000e+00 5.09591378e-04
  3.37877304e-04 2.34786870e-05 9.42044845e-05 1.34731903e-04
  8.69497617e-05 4.51557626e-05 7.18514852e-05 7.43636694e-05
  1.50436009e-04 2.68672374e-03 2.13566895e-03 2.33836370e-03
  1.44106450e-03 2.03044262e-03 1.87631386e-03 1.44735263e-03
  1.77288991e-03 1.60673599e-03 2.54883363e-03 2.00985773e-03
  2.02916543e-03 1.84685800e-03 1.90024621e-03 1.63332391e-03
  1.72371755e-03 7.73221147e-03 2.86941475e-03 2.23790086e-03
  2.40780673e-03 1.81129004e-03 2.21837852e-03 2.01441235e-03
  1.53746762e-03 1.79198564e-03 1.71337727e-03 2.48462222e-03
  2.18882605e-03 1.80169416e-03 2.48166352e-03 2.70138323e-03
  2.14136892e-03 2.51397804e-03 8.11482336e-03 6.46052492e-03
  3.98505313e-03 2.90023106e-03 1.75326762e-03 1.57817108e-02
  2.64012863e-03 1.30243450e-03 1.67509195e-03 1.32240252e-03
  6.70710831e-03 4.48909852e-03 2.27617169e-03 7.16676729e-03
  9.01126202e-03 2.91357783e-03 2.35448199e-03 2.69326589e-02
  4.86047760e-03 3.76396111e-03 3.62346197e-03 1.67847295e-03
  9.24810365e-03 2.32872561e-03 1.18543571e-03 1.85932651e-03
  1.37770612e-03 3.44585863e-03 6.26317225e-03 2.22428723e-03
  3.89113375e-03 5.29614094e-03 3.99230275e-03 3.44941718e-03
  1.77274117e-02 2.75533176e-03 2.30840982e-03 3.09498229e-03
  2.53904522e-03 3.40775532e-03 4.37700059e-03 2.60017567e-03
  3.38830591e-03 2.67527476e-03 3.51941790e-03 3.83351995e-03
  5.36210720e-03 3.56691393e-03 2.57758829e-03 3.11904472e-03
  2.45944933e-03 1.51195619e-02 3.76847869e-03 3.80118479e-03
  3.73456296e-03 2.04572174e-03 1.95182394e-03 5.26631793e-04
  8.62470804e-04 5.30581380e-03 2.81452635e-03 2.56017123e-03
  2.80319774e-03 4.86180426e-03 1.44806997e-02 7.80711725e-03
  3.75100006e-03 4.34523585e-03 4.51236013e-03 9.28999941e-04
  1.01039222e-03 3.34449548e-03 9.09052614e-04 7.10869476e-04
  1.99391829e-04 1.13897926e-03 5.26733644e-04 3.43211097e-04
  4.46790842e-04 8.80947179e-05 8.53841105e-05 2.09732444e-04
  3.17818674e-04 6.49878059e-04 1.21290081e-03 1.23187006e-03
  2.85556387e-03 1.02976243e-03 2.67136956e-03 1.34384601e-03
  5.80034667e-03 2.75071511e-03 4.94712544e-03 5.00211385e-03
  2.79211331e-03 4.97784969e-03 2.73532057e-03 5.08807469e-03
  3.70827861e-03 7.65930500e-03 4.75368996e-03 8.92175157e-03
  7.30066139e-03 5.24170779e-03 1.29839567e-02 1.36410876e-03
  4.59436879e-03 4.80739576e-03 5.18422473e-03 5.98967172e-03
  5.05294831e-03 4.10591100e-03 5.01653833e-03 4.33020597e-03
  5.15164543e-03 2.06996650e-02 1.70084591e-02 1.97730099e-02]
 [1.30011047e-03 1.27489321e-03 7.86278251e-03 1.47208591e-03
  1.91253560e-03 6.79533657e-04 1.85855567e-03 1.93080307e-03
  1.31418458e-03 6.36953817e-04 1.42669496e-03 2.24477085e-03
  1.79593407e-03 1.78726544e-03 1.62332404e-03 1.21355724e-03
  1.46828412e-03 1.01558663e-03 1.25088358e-04 3.38232997e-03
  1.16011112e-03 1.68169876e-03 2.00960763e-05 9.67361403e-04
  2.33322792e-03 7.82640212e-04 7.74040680e-04 6.78341370e-07
  0.00000000e+00 6.37297053e-03 9.69099128e-04 3.20209567e-03
  1.64623738e-03 3.55419416e-03 6.47642926e-03 1.34927350e-03
  1.71933383e-03 1.86569295e-03 3.68104125e-03 1.34364385e-03
  4.05924623e-04 5.81389494e-04 1.19927659e-03 2.04713367e-04
  4.17521883e-05 0.00000000e+00 6.18162120e-05 5.96689427e-04
  1.16638633e-03 1.06722870e-03 9.79901183e-04 5.77812313e-04
  1.00752610e-03 5.51903490e-04 8.26478392e-04 4.12986874e-04
  7.59298526e-04 7.23394570e-04 3.82853634e-03 7.36542988e-04
  4.61178642e-04 7.41860119e-04 9.10920554e-04 1.31890581e-04
  8.89965506e-04 5.67169907e-04 5.54834605e-04 6.11008994e-04
  5.88128546e-04 6.96453388e-04 6.55635196e-04 1.44046258e-03
  1.51236908e-03 9.51829061e-04 6.21311107e-03 7.83265421e-04
  1.74362683e-03 3.98502345e-04 6.26575107e-04 7.05416662e-04
  1.48343141e-03 7.36242401e-03 1.83681047e-03 1.68126512e-03
  1.75631594e-03 2.06955733e-03 2.67673550e-03 8.50390866e-04
  1.54612649e-03 1.30639958e-03 2.39241892e-03 2.19061312e-03
  2.07349317e-03 2.24536841e-03 2.08358327e-03 1.53356413e-03
  1.88819851e-03 1.84219325e-03 1.77662753e-03 7.71163866e-03
  3.30470347e-03 2.12634839e-03 2.22344695e-03 1.53688766e-03
  1.87632668e-03 2.91793892e-03 1.94792013e-03 2.24936531e-03
  2.68469646e-03 2.04262468e-03 8.80756249e-04 2.22865588e-03
  1.96701896e-03 1.61054804e-03 1.77059147e-03 1.51307900e-03
  2.21073399e-03 2.09744654e-03 2.27721389e-03 1.90687755e-03
  2.52181667e-03 3.56850594e-03 2.41355312e-03 2.05691477e-03
  1.48155283e-03 2.29617992e-03 2.53519154e-03 2.44413065e-03
  1.78292510e-03 2.10816304e-03 2.17868173e-03 7.76714430e-04
  5.16955915e-04 9.46930007e-04 1.11191778e-03 7.86523062e-04
  6.18193229e-04 6.88757999e-04 8.81778228e-04 8.31370181e-04
  9.46882827e-04 9.24140893e-04 1.09328926e-03 7.20868037e-04
  8.76269984e-04 8.15968539e-04 9.20799401e-04 7.63703717e-04
  8.68854529e-04 9.91433383e-04 8.85348432e-04 9.48013019e-04
  1.03371263e-03 6.31750414e-04 9.46188170e-04 1.30975151e-03
  1.04391534e-03 1.51849498e-03 1.10162925e-03 1.54797848e-03
  1.07786433e-03 1.17380763e-03 1.19082966e-03 1.41620959e-03
  1.11103215e-03 1.04915744e-03 9.83244344e-04 9.67385108e-04
  9.38082379e-04 9.82073948e-04 9.32401678e-04 9.30612001e-04
  1.23587688e-03 9.44799538e-04 8.78753809e-04 1.08824340e-03
  9.99983524e-04 8.85520674e-04 8.68083146e-04 8.85514444e-04
  9.16625226e-04 7.30580525e-04 8.93561564e-04 8.39875475e-04
  7.10504580e-04 4.63411035e-04 1.02430783e-03 6.21902837e-04
  9.97525357e-04 1.08735330e-03 7.06727538e-04 8.65721899e-04
  5.48534564e-04 9.21156642e-04 5.90613118e-04 9.06963620e-04
  9.91891458e-04 1.17267315e-03 9.90698243e-04 1.12757947e-03
  1.10071745e-03 1.55741301e-03 9.39455808e-04 8.18698989e-04
  7.69768091e-04 7.03417383e-04 8.23961682e-04 8.41783418e-04
  8.18910882e-04 7.71957228e-04 8.80947766e-04 3.93033556e-04
  2.30622183e-04 2.70797671e-04 5.21521931e-04 1.29614575e-03
  9.62667066e-04 1.61308943e-03 1.19758504e-03 8.69113184e-04
  1.35364249e-03 9.80722762e-04 8.11948484e-04 4.39692963e-04
  9.78070782e-04 1.02703071e-03 9.51462983e-04 9.77335269e-04
  9.40477557e-04 1.15545753e-03 1.04388743e-03 9.43514534e-04
  9.62644133e-04 7.19580322e-04 8.29276318e-04 9.17007610e-04
  9.03749749e-04 8.61626421e-04 1.08147086e-03 1.07402485e-03
  9.59577758e-04 7.06675922e-04 5.40511633e-04 4.20102162e-04
  7.39348986e-04 6.38702829e-04 5.17806596e-04 4.21817547e-04
  3.14213963e-04 3.10427266e-04 5.61765608e-04 3.45727282e-04
  2.80897810e-04 1.38634964e-03 9.91216818e-04 9.32774898e-04
  8.80955344e-04 8.63726929e-04 8.99088349e-04 8.70574992e-04
  9.17120658e-04 8.51515249e-04 1.09382467e-03 1.09758685e-03
  1.65676224e-03 8.95287232e-04 6.05437717e-04 7.46664316e-04
  1.22050215e-03 1.11909824e-03 6.64874627e-04 7.06857467e-04
  6.34285081e-04 7.00191216e-03 3.98032641e-03 8.70302809e-03
  9.98799845e-04 3.08449195e-04 3.23477366e-04 6.66728468e-05
  5.59839429e-04 1.11751258e-04 7.36324800e-04 5.62194362e-04
  2.16007252e-04 9.80660619e-04 9.90300022e-04 8.25277291e-04
  8.35149746e-05 7.34570644e-05 4.75848184e-05 0.00000000e+00
  7.66117204e-05 1.56936473e-04 1.02754063e-03 1.07924990e-03
  1.13899137e-03 6.79398634e-04 5.82729820e-04 4.46814106e-04
  4.42139154e-04 1.54824926e-04 9.72401654e-04 9.79366291e-04
  7.43425738e-04 4.23147847e-04 9.31541222e-04 5.02829364e-04
  7.48245149e-04 5.94087245e-04 3.84154430e-04 2.43442203e-04
  1.95870400e-04 3.90314515e-05 1.16804198e-03 1.44528355e-06
  0.00000000e+00 0.00000000e+00 0.00000000e+00 5.27763207e-04
  3.64063494e-04 3.57604502e-05 1.05453175e-04 1.22857881e-04
  8.22342685e-05 4.03532662e-05 6.83453180e-05 6.74422125e-05
  1.52441168e-04 2.78531080e-03 2.13503476e-03 2.30885449e-03
  1.48845744e-03 2.04521027e-03 1.85103119e-03 1.44370657e-03
  1.74901967e-03 1.57317015e-03 2.46549452e-03 2.04152833e-03
  2.06951121e-03 1.83062226e-03 1.93810142e-03 1.64071084e-03
  1.75417608e-03 7.88212781e-03 2.88265005e-03 2.14311398e-03
  2.48213576e-03 1.75270338e-03 2.18608591e-03 1.98723457e-03
  1.46802648e-03 1.82272147e-03 1.71957005e-03 2.45632384e-03
  2.13438548e-03 1.77271583e-03 2.41409517e-03 2.69420516e-03
  2.11665373e-03 2.55219803e-03 7.89819687e-03 6.40147275e-03
  3.99989462e-03 3.04393589e-03 1.75414389e-03 1.62000013e-02
  2.60001483e-03 1.28237909e-03 1.74434607e-03 1.30558777e-03
  6.62969400e-03 4.62854675e-03 2.25046565e-03 7.30788870e-03
  8.71683616e-03 3.04682290e-03 2.40397780e-03 2.71511291e-02
  4.61718695e-03 3.68401746e-03 3.64254871e-03 1.68840920e-03
  9.42047957e-03 2.38919175e-03 1.20429652e-03 1.82514503e-03
  1.37832156e-03 3.51088903e-03 6.17320337e-03 2.30087450e-03
  4.01763752e-03 5.45713959e-03 4.23952128e-03 3.33226898e-03
  1.78171293e-02 2.74190695e-03 2.33026677e-03 3.10131798e-03
  2.56747000e-03 3.37234851e-03 4.33553258e-03 2.65003888e-03
  3.36348708e-03 2.64111043e-03 3.54129715e-03 3.68593726e-03
  5.46856855e-03 3.49252313e-03 2.55454153e-03 3.05061320e-03
  2.44627591e-03 1.53138807e-02 3.79434395e-03 3.66671581e-03
  3.60333910e-03 1.96363194e-03 2.01667146e-03 5.10677944e-04
  8.60838426e-04 5.19419687e-03 2.91326668e-03 2.67671544e-03
  2.81075921e-03 4.53671425e-03 1.41837927e-02 7.67824864e-03
  3.74793246e-03 4.41257967e-03 4.46045752e-03 9.20501183e-04
  1.01060044e-03 3.35121848e-03 8.93838616e-04 7.24082617e-04
  1.91232627e-04 1.10654005e-03 5.00140364e-04 3.27076099e-04
  5.08661542e-04 9.68891530e-05 1.04392901e-04 2.05251036e-04
  2.99818560e-04 6.72634356e-04 1.24721638e-03 1.16079539e-03
  2.77278050e-03 1.01398229e-03 2.69136012e-03 1.29072696e-03
  5.91276079e-03 2.79203915e-03 4.90113732e-03 4.96794040e-03
  2.79042702e-03 5.06351640e-03 2.79715887e-03 4.93615415e-03
  3.74614931e-03 7.32650938e-03 4.80177329e-03 9.11316948e-03
  7.32303692e-03 5.39183483e-03 1.30651168e-02 1.41320521e-03
  4.52520471e-03 4.78531601e-03 5.14074601e-03 5.88150157e-03
  5.00983635e-03 4.04670495e-03 4.82355904e-03 4.39143947e-03
  4.93031100e-03 2.12806042e-02 1.67353729e-02 1.98017156e-02]]
