MODEL RESULTS for run at: rf_2_elas_20200201-204434.txt

Model Parameters:-----------------------------------
Model: rf
Feature selection: elas
X is: C:\Users\jjnun\Documents\Sync\Research\1_CANBIND Replication\teyden-git\data\final_datasets\to_run_20201016\1_Replication\X_lvl2_rem_qids01__final.csv
y is: C:\Users\jjnun\Documents\Sync\Research\1_CANBIND Replication\teyden-git\data\final_datasets\to_run_20201016\1_Replication\y_lvl2_rem_qids01__final.csv
2 runs of 10-fold CV

Summary of Results:------------------------------------
Mean accuracy is: 0.7030, with Standard Deviation: 0.010119
Mean balanced accuracy is: 0.7058, with Standard Deviation: 0.012186
Mean sensitivty is: 0.7133, with Standard Deviation: 0.015308
Mean specificty is: 0.6983, with Standard Deviation: 0.009064
Mean precision is: 0.4774, with Standard Deviation: 0.013924
Mean f1 is: 0.5706, with Standard Deviation: 0.0147
Mean number of features used is: 30.9500, with Standard Deviation: 0.0500

Feature Importance And Use:---------------------------
Top 30 Features by importance, in descending order (1st most important):
By position in data matrix, 1 added to skip index=0 
[382 319 410 305 466 424 195 196 233 235 360 398 332  20  21  30  33  36
  72 444 362 320 300  56 294  26  27 283  62 215]
qids01_w2sr__vmnin
phx01__bulimia||4
qlesq01__qlesq13
phx01__alcsib
wsas01__wsas05
sfhs01__sfhs10
pdsq01__obcnt
pdsq01__anhrt
pdsq01__emeat
pdsq01__emwrt
qids01_w0sr__vengy
qlesq01__qlesq01
qids01_w0c__vemin
ccv01_w2__remsn
ccv01_w2__raise
dm01_enroll__resm
dm01_enroll__frend
dm01_enroll__student
dm01_enroll__privins||0.0
ucq01__ucq160
qids01_w0sr__vagit
phx01__alcoh||1.0
phx01__bippar
dm01_enroll__marital||6.0
phx01__axii_oth
ccv01_w2__trtmt||1.0
ccv01_w2__trtmt||2.0
phx01__psd
dm01_enroll__empl||6.0
pdsq01__imvcs

Raw results:----------------------------------------
Accuracies
[0.71309524 0.69285714]
Balanced Accuracies
[0.7179732  0.69360162]
Sensitivites
[0.72862498 0.69800965]
Specificities
[0.70732142 0.68919358]
Precisions
[0.49136393 0.46351527]
F1s
[0.585221   0.55589752]
Number of features used
[31.  30.9]
Mean Feature importances Across Runs
[,1.0741e-001,1.0729e-001,1.5000e-001,5.0000e-002,5.0000e-002,1.5000e-001,1.0000e-001
,1.5000e-001,1.5000e-001,1.5000e-001,5.0000e-002,1.0000e-001,7.7858e-002,5.0000e-002
,5.0000e-002,1.7520e-002,1.0000e-001,2.0000e-001,1.0000e-001,5.8973e-312,5.8973e-312
,2.1950e-002,1.5000e-001,5.0000e-002,3.1470e-002,6.7538e-003,6.7780e-003,1.5000e-001
,1.0000e-001,5.8973e-312,5.0000e-002,1.5000e-001,5.8973e-312,5.0000e-002,2.0000e-001
,5.8973e-312,1.0000e-001,1.0000e-001,1.0000e-001,7.7476e-002,1.0000e-001,5.0000e-002
,2.1317e-002,5.0000e-002,1.0000e-001,2.0000e-001,5.0000e-002,1.5000e-001,1.0000e-001
,5.0000e-002,5.0000e-002,5.0000e-002,1.0000e-001,1.0000e-001,1.5000e-001,2.1065e-003
,5.0000e-002,1.5000e-001,3.9830e-002,2.0102e-001,1.5000e-001,1.0042e-002,1.0089e-001
,1.0000e-001,1.5000e-001,5.0000e-002,1.5000e-001,5.0000e-002,1.0000e-001,1.5000e-001
,5.0000e-002,5.8973e-312,1.0000e-001,5.0000e-002,1.0000e-001,5.0000e-002,5.0000e-002
,5.0000e-002,5.0000e-002,1.0000e-001,5.0000e-002,1.5000e-001,1.5000e-001,1.5000e-001
,1.0000e-001,1.0000e-001,5.0000e-002,2.0000e-001,5.0000e-002,1.5000e-001,5.0000e-002
,1.5000e-001,1.5000e-001,1.0000e-001,1.5000e-001,1.5000e-001,1.0000e-001,1.0000e-001
,1.0000e-001,1.0000e-001,1.0000e-001,1.0000e-001,1.5000e-001,5.0000e-002,1.0000e-001
,1.0000e-001,1.5000e-001,2.0000e-001,2.0000e-001,2.0000e-001,1.5000e-001,1.0000e-001
,5.0000e-002,1.0000e-001,1.5000e-001,1.0000e-001,1.0000e-001,5.0000e-002,2.0000e-001
,1.5000e-001,2.0000e-001,2.0000e-001,2.0000e-001,1.5000e-001,1.0000e-001,1.5000e-001
,1.0000e-001,1.0000e-001,2.0000e-001,1.5000e-001,1.5000e-001,5.0000e-002,1.0000e-001
,1.5000e-001,1.5000e-001,1.0000e-001,1.0000e-001,1.5000e-001,1.5000e-001,1.0000e-001
,1.0447e-001,2.5000e-001,1.0000e-001,2.0000e-001,1.5000e-001,1.5000e-001,1.0000e-001
,1.5000e-001,1.0133e-001,5.0000e-002,5.0000e-002,1.0000e-001,2.5000e-001,1.5000e-001
,5.0000e-002,5.0000e-002,1.0000e-001,7.1973e-002,1.5000e-001,1.2024e-001,1.5000e-001
,1.5168e-001,1.5000e-001,2.6713e-002,2.0000e-001,2.5000e-001,1.0000e-001,1.0000e-001
,1.0000e-001,2.0000e-001,1.0000e-001,1.5000e-001,6.4025e-002,2.5000e-001,1.0000e-001
,1.0000e-001,2.0000e-001,1.5000e-001,2.0000e-001,1.5000e-001,1.0131e-001,2.0000e-001
,1.5000e-001,5.0000e-002,1.0000e-001,5.0000e-002,1.0000e-001,1.0000e-001,1.0000e-001
,2.0308e-001,5.0000e-002,1.5616e-001,1.0000e-001,5.0000e-002,4.9144e-312,4.9144e-312
,5.0000e-002,5.2791e-002,1.0000e-001,1.0000e-001,2.0000e-001,2.3577e-002,1.0000e-001
,1.5000e-001,1.5000e-001,1.5000e-001,1.0000e-001,1.0000e-001,1.5000e-001,5.0000e-002
,2.5000e-001,1.5000e-001,2.0000e-001,1.0000e-001,1.1106e-002,1.5132e-001,1.5000e-001
,1.5433e-001,1.5000e-001,1.0000e-001,2.1654e-002,5.0000e-002,5.0000e-002,5.0000e-002
,1.5000e-001,5.0000e-002,1.0000e-001,1.5000e-001,1.0000e-001,1.5000e-001,1.0000e-001
,1.0000e-001,4.9144e-312,1.0000e-001,4.9144e-312,1.0000e-001,1.0000e-001,5.0000e-002
,1.0000e-001,1.5289e-001,2.0000e-001,1.0000e-001,2.0000e-001,2.0000e-001,1.0000e-001
,1.5000e-001,2.0000e-001,1.5000e-001,1.0000e-001,2.0000e-001,2.5000e-001,5.0000e-002
,1.0000e-001,1.5000e-001,1.5000e-001,2.5000e-001,1.5000e-001,5.0000e-002,1.0000e-001
,2.0000e-001,1.5000e-001,1.0000e-001,1.5000e-001,1.0000e-001,1.5000e-001,1.5000e-001
,1.5000e-001,1.0000e-001,1.0000e-001,2.0000e-001,1.0000e-001,1.0000e-001,1.5000e-001
,2.0000e-001,1.5000e-001,1.0000e-001,1.5000e-001,1.5000e-001,1.5000e-001,5.0101e-002
,nan,nan,9.7124e-003,5.0000e-002,1.0000e-001,1.5000e-001,2.0000e-001
,nan,1.0028e-001,5.0642e-002,5.0000e-002,5.0000e-002,5.0000e-002,2.3811e-003
,nan,nan,nan,5.9639e-002,2.0000e-001,2.0674e-003,4.0000e-001
,nan,nan,nan,0.0000e+000,1.0000e-001,2.0000e-001,1.5000e-001
,1.5000e-001,5.0570e-002,1.5000e-001,1.5000e-001,5.0000e-002,1.5000e-001,1.1319e-002
,nan,1.5000e-001,1.0000e-001,-1.3878e-017,4.3376e-004,1.5000e-001,2.5000e-001
,1.5005e-001,1.5000e-001,nan,1.5002e-001,1.0049e-001,5.0000e-002,1.5000e-001
,1.5000e-001,nan,4.9148e-312,1.0000e-001,6.9835e-002,2.0000e-001,1.5000e-001
,nan,2.5000e-001,1.0000e-001,2.0000e-001,2.0000e-001,1.5000e-001,4.5000e-001
,1.5000e-001,1.5000e-001,1.0000e-001,5.0000e-002,2.5000e-001,1.0000e-001,5.0000e-002
,1.5000e-001,1.0000e-001,1.0000e-001,1.0000e-001,1.2479e-001,1.0000e-001,1.5000e-001
,2.0000e-001,1.5000e-001,4.9144e-312,7.5000e-002,3.2658e-309,1.0000e-001,9.7442e-002
,2.0328e-001,nan,nan,8.8233e-002,1.5000e-001,5.0000e-002,1.5000e-001
,1.0000e-001,1.1275e-001,5.0000e-002,1.3625e-001,1.1939e-001,6.0776e-002,4.5000e-001
,nan,1.6491e-001,nan,-5.0000e-002,1.5000e-001,5.0000e-002,5.2259e-002
,1.5000e-001,5.0000e-002,5.0000e-002,3.8475e-002,7.5000e-002,1.5692e-001,1.5000e-001
,nan,nan,nan,5.5683e-002,2.0000e-001,4.9144e-312,2.0000e-001
,nan,nan,1.0000e-001,7.6177e-002,1.5000e-001,5.0000e-002,1.5000e-001
,nan,nan,nan,0.0000e+000,1.5000e-001,5.0000e-002,3.0000e-001
,nan,nan,1.7972e-001,5.0215e-002,5.0000e-002,2.0000e-001,6.0000e-001
,5.1801e-002,9.1751e-002,nan,0.0000e+000,5.0000e-002,5.0000e-002,4.0000e-001
,nan,nan,nan,5.0000e-002,1.0000e-001,1.0000e-001,2.5000e-001
,1.5000e-001,1.5000e-001,1.0092e-001,1.0373e-001,7.0660e-002,1.0000e-001,1.3000e+000
,nan,nan,3.2638e-309,1.0000e-001,5.0000e-002,5.0000e-002,6.9376e-002
,5.0000e-002,1.0000e-001,1.5000e-001,2.5000e-002,7.1694e-002,5.0000e-002,1.2500e+000
,1.0000e-001,1.5000e-001,1.0000e-001,1.2500e-001,1.1600e-001,1.0000e-001,8.5000e-001
,nan,1.5886e-001,nan,0.0000e+000,1.0000e-001,2.1729e-002,2.0000e-001
,5.0000e-002,nan,1.0000e-001,7.5000e-002,1.1684e-001,1.5000e-001,8.5000e-001
,1.5000e-001,1.1931e-001,1.0000e-001,9.6110e-002]
Mean Feature importances std. deviation Across Runs
[1.0160e-01,1.0147e-01,1.5000e-01,5.0000e-02,5.0000e-02,1.5000e-01,1.0000e-01,1.5000e-01,1.5000e-01
,1.5000e-01,5.0000e-02,1.0000e-01,4.6924e-02,5.0000e-02,5.0000e-02,5.5842e-04,1.0000e-01,2.0000e-01
,1.0000e-01,0.0000e+00,0.0000e+00,1.8651e-04,1.5000e-01,5.0000e-02,5.4077e-05,1.0262e-05,1.0005e-05
,1.5000e-01,1.0000e-01,0.0000e+00,5.0000e-02,1.5000e-01,0.0000e+00,5.0000e-02,2.0000e-01,0.0000e+00
,1.0000e-01,1.0000e-01,1.0000e-01,4.8336e-02,1.0000e-01,5.0000e-02,1.0105e-03,5.0000e-02,1.0000e-01
,2.0000e-01,5.0000e-02,1.5000e-01,1.0000e-01,5.0000e-02,5.0000e-02,5.0000e-02,1.0000e-01,1.0000e-01
,1.5000e-01,5.2579e-04,5.0000e-02,1.5000e-01,1.8114e-05,1.9898e-01,1.5000e-01,1.0187e-03,1.0089e-01
,1.0000e-01,1.5000e-01,5.0000e-02,1.5000e-01,5.0000e-02,1.0000e-01,1.5000e-01,5.0000e-02,0.0000e+00
,1.0000e-01,5.0000e-02,1.0000e-01,5.0000e-02,5.0000e-02,5.0000e-02,5.0000e-02,1.0000e-01,5.0000e-02
,1.5000e-01,1.5000e-01,1.5000e-01,1.0000e-01,1.0000e-01,5.0000e-02,2.0000e-01,5.0000e-02,1.5000e-01
,5.0000e-02,1.5000e-01,1.5000e-01,1.0000e-01,1.5000e-01,1.5000e-01,1.0000e-01,1.0000e-01,1.0000e-01
,1.0000e-01,1.0000e-01,1.0000e-01,1.5000e-01,5.0000e-02,1.0000e-01,1.0000e-01,1.5000e-01,2.0000e-01
,2.0000e-01,2.0000e-01,1.5000e-01,1.0000e-01,5.0000e-02,1.0000e-01,1.5000e-01,1.0000e-01,1.0000e-01
,5.0000e-02,2.0000e-01,1.5000e-01,2.0000e-01,2.0000e-01,2.0000e-01,1.5000e-01,1.0000e-01,1.5000e-01
,1.0000e-01,1.0000e-01,2.0000e-01,1.5000e-01,1.5000e-01,5.0000e-02,1.0000e-01,1.5000e-01,1.5000e-01
,1.0000e-01,1.0000e-01,1.5000e-01,1.5000e-01,1.0000e-01,9.8260e-02,2.5000e-01,1.0000e-01,2.0000e-01
,1.5000e-01,1.5000e-01,1.0000e-01,1.5000e-01,9.8671e-02,5.0000e-02,5.0000e-02,1.0000e-01,2.5000e-01
,1.5000e-01,5.0000e-02,5.0000e-02,1.0000e-01,5.0116e-02,1.5000e-01,9.5727e-02,1.5000e-01,1.4832e-01
,1.5000e-01,8.8476e-04,2.0000e-01,2.5000e-01,1.0000e-01,1.0000e-01,1.0000e-01,2.0000e-01,1.0000e-01
,1.5000e-01,4.4911e-02,2.5000e-01,1.0000e-01,1.0000e-01,2.0000e-01,1.5000e-01,2.0000e-01,1.5000e-01
,9.8690e-02,2.0000e-01,1.5000e-01,5.0000e-02,1.0000e-01,5.0000e-02,1.0000e-01,1.0000e-01,1.0000e-01
,1.9958e-01,5.0000e-02,1.5230e-01,1.0000e-01,5.0000e-02,0.0000e+00,0.0000e+00,5.0000e-02,4.9944e-02
,1.0000e-01,1.0000e-01,2.0000e-01,1.9048e-03,1.0000e-01,1.5000e-01,1.5000e-01,1.5000e-01,1.0000e-01
,1.0000e-01,1.5000e-01,5.0000e-02,2.5000e-01,1.5000e-01,2.0000e-01,1.0000e-01,6.0837e-04,1.5132e-01
,1.5000e-01,1.4890e-01,1.5000e-01,1.0000e-01,3.3646e-04,5.0000e-02,5.0000e-02,5.0000e-02,1.5000e-01
,5.0000e-02,1.0000e-01,1.5000e-01,1.0000e-01,1.5000e-01,1.0000e-01,1.0000e-01,0.0000e+00,1.0000e-01
,0.0000e+00,1.0000e-01,1.0000e-01,5.0000e-02,1.0000e-01,1.4955e-01,2.0000e-01,1.0000e-01,2.0000e-01
,2.0000e-01,1.0000e-01,1.5000e-01,2.0000e-01,1.5000e-01,1.0000e-01,2.0000e-01,2.5000e-01,5.0000e-02
,1.0000e-01,1.5000e-01,1.5000e-01,2.5000e-01,1.5000e-01,5.0000e-02,1.0000e-01,2.0000e-01,1.5000e-01
,1.0000e-01,1.5000e-01,1.0000e-01,1.5000e-01,1.5000e-01,1.5000e-01,1.0000e-01,1.0000e-01,2.0000e-01
,1.0000e-01,1.0000e-01,1.5000e-01,2.0000e-01,1.5000e-01,1.0000e-01,1.5000e-01,1.5000e-01,1.5000e-01
,5.0101e-02,nan,nan,1.0289e-04,2.5000e-01,1.0000e-01,1.5000e-01,1.0000e-01,nan
,1.0002e-01,5.0055e-02,2.5000e-01,5.0000e-02,5.0000e-02,1.7691e-04,nan,nan,nan
,5.1486e-02,2.0000e-01,5.0390e-05,1.0000e-01,nan,nan,nan,2.0000e-01,1.0000e-01
,2.0000e-01,1.5000e-01,1.5000e-01,4.9430e-02,1.5000e-01,1.5000e-01,5.0000e-02,1.5000e-01,3.2748e-03
,nan,1.5000e-01,1.0000e-01,2.0000e-01,4.3376e-04,1.5000e-01,5.0000e-02,1.4995e-01,1.5000e-01
,nan,1.5002e-01,9.9918e-02,5.0000e-02,1.5000e-01,1.5000e-01,nan,0.0000e+00,1.0000e-01
,3.0165e-02,2.0000e-01,1.5000e-01,nan,2.5000e-01,1.0000e-01,2.0000e-01,2.0000e-01,1.5000e-01
,1.5000e-01,1.5000e-01,1.5000e-01,1.0000e-01,5.0000e-02,2.5000e-01,1.0000e-01,5.0000e-02,1.5000e-01
,1.0000e-01,1.0000e-01,1.0000e-01,7.5207e-02,1.0000e-01,1.5000e-01,2.0000e-01,1.5000e-01,0.0000e+00
,7.5000e-02,0.0000e+00,1.0000e-01,4.5217e-02,1.9672e-01,nan,nan,1.4452e-03,1.5000e-01
,5.0000e-02,5.0000e-02,1.0000e-01,4.7550e-02,5.0000e-02,1.6375e-01,8.7392e-02,3.6716e-03,5.0000e-02
,nan,1.5105e-01,nan,1.5000e-01,1.5000e-01,5.0000e-02,8.6714e-04,1.5000e-01,5.0000e-02
,5.0000e-02,6.1525e-02,2.5000e-02,1.4308e-01,5.0000e-02,nan,nan,nan,2.4897e-01
,2.0000e-01,0.0000e+00,1.0000e-01,nan,nan,1.0000e-01,4.6524e-02,1.5000e-01,5.0000e-02
,5.0000e-02,nan,nan,nan,2.0000e-01,1.5000e-01,5.0000e-02,1.0000e-01,nan
,nan,1.4860e-01,6.4108e-05,5.0000e-02,2.0000e-01,4.0000e-01,4.9995e-02,5.1001e-02,nan
,2.0000e-01,5.0000e-02,5.0000e-02,2.0000e-01,nan,nan,nan,2.5000e-01,1.0000e-01
,1.0000e-01,2.5000e-01,1.5000e-01,1.5000e-01,1.0008e-01,9.8501e-02,2.9340e-02,1.0000e-01,1.1000e+00
,nan,nan,0.0000e+00,1.0000e-01,5.0000e-02,5.0000e-02,4.8733e-02,5.0000e-02,1.0000e-01
,1.5000e-01,2.5000e-02,2.8306e-02,5.0000e-02,9.5000e-01,1.0000e-01,1.5000e-01,1.0000e-01,7.5000e-02
,8.4000e-02,1.0000e-01,6.5000e-01,nan,1.4114e-01,nan,2.0000e-01,1.0000e-01,1.2209e-03
,1.0000e-01,5.0000e-02,nan,1.0000e-01,2.5000e-02,8.3163e-02,1.5000e-01,5.5000e-01,1.5000e-01
,1.0688e-01,1.0000e-01,6.0507e-02]
