MODEL RESULTS for run at: rf_cv_10_X_ful_resp_trdcrit_y_ful_resp_trdcrit_all_20200205-1447.txt

Model Parameters:-----------------------------------
Model: rf_cv
Feature selection: all
X is: C:/Users/jjnun/Documents/Sync/Research/1_CANBIND Replication/teyden-git/data/final_datasets/to_run_overlapping_for_trd/X_full_resp_trdcrit.csv
y is: C:/Users/jjnun/Documents/Sync/Research/1_CANBIND Replication/teyden-git/data/final_datasets/to_run_overlapping_for_trd/y_full_resp_trdcrit.csv
10 runs of 10-fold CV

Summary of Results:------------------------------------
Mean accuracy is: 0.6399, with Standard Deviation: 0.003729
Mean balanced accuracy is: 0.6771, with Standard Deviation: 0.004043
Mean AUC is: 0.7555, with Standard Deviation: 0.001522
Mean sensitivty is: 0.5331, with Standard Deviation: 0.005286
Mean specificty is: 0.8211, with Standard Deviation: 0.003688
Mean precision is: 0.8345, with Standard Deviation: 0.003440
Mean f1 is: 0.6496, with Standard Deviation: 0.0043
Mean number of features used is: 463.7527 of 480, with Standard Deviation: 0.1076

Feature Importance And Use:---------------------------
Top 30 Features by importance, in descending order (1st most important):
By position in data matrix, 1 added to skip index=0 
[145 394 141 377 429 143 147 386 360 323 428 475 403 427 402 313 405  78
 395  61 400  74  84 466 408  27 476 343 473 136]
imput_qidscpccg
qids01_w2sr__qstot
imput_idsc5pccg
qids01_w2c__qstot
sfhs01__pcs12
imput_idsc5w2
interview_age
qids01_w2c__vmdsd
qids01_w0sr__qstot
phx01__episode_date
sfhs01__mcs12
wsas01__totwsas
qids01_w2sr__vmdsd
qlesq01__totqlesq
qids01_w2sr__vintr
phx01__dage
qids01_w2sr__vslow
dm01_w0__totincom
qids01_w2sr__vagit
dm01_enroll__resm
qids01_w2sr__vengy
dm01_w0__mempl
hrsd01__hdtot_r
wpai01__wpai04
qids01_w2sr__vvwsf
dm01_enroll__educat
wsas01__wsas01
qids01_w0c__qstot
wpai01__wpai_totalhrs
imput_gibbons

Statistical Significance:----------------------------
Raw results:----------------------------------------
Accuracies
[0.63923196,0.63763517,0.64001771,0.63844463,0.64797793,0.64237969,0.64041137,0.63683994,0.63326377,0.64240815]
Balanced Accuracies
[0.67642866,0.67451564,0.67766591,0.67603206,0.68606239,0.67947139,0.67763235,0.67422898,0.66970046,0.67946918]
AUCs
[0.75619379,0.75538388,0.75656378,0.7541374,0.75837168,0.75674142,0.75555875,0.75435172,0.75258089,0.75529073]
Sensitivites
[0.53502135,0.5280052,0.53086175,0.52926323,0.54433003,0.53571712,0.53549994,0.52875401,0.52591767,0.53766093]
Specificities
[0.81783597,0.82102609,0.82447006,0.82280089,0.82779476,0.82322566,0.81976477,0.81970394,0.81348325,0.82127742]
Precisions
[0.83022896,0.83561894,0.83629241,0.833776,0.84056292,0.83792135,0.83523716,0.83255009,0.82803108,0.83517203]
F1s
[0.64979796,0.64617398,0.64853307,0.6470547,0.65789833,0.65318386,0.6514204,0.64603859,0.64266099,0.65355367]
Number of features used
[463.54666667,463.83333333,463.57333333,463.88333333,463.82,463.75,463.7,463.8,463.78333333,463.83666667]
Mean Feature importances Across Runs
[2.5143e-05,1.1327e-03,1.0811e-03,9.4364e-04,1.1964e-03,2.0898e-03,1.2738e-03,9.9882e-05,4.3099e-04
,4.3836e-04,6.4635e-07,0.0000e+00,1.6316e-03,1.9416e-03,1.6675e-03,1.7413e-03,9.3251e-04,1.4412e-03
,9.4558e-04,2.6308e-03,1.5138e-03,1.7583e-03,6.8338e-04,1.8553e-03,1.6576e-03,1.4773e-03,5.7364e-03
,8.1693e-04,7.7834e-04,1.2431e-03,9.0715e-04,6.6717e-04,4.4055e-04,2.1597e-03,3.8998e-03,1.4085e-03
,9.1907e-04,8.7543e-04,1.0936e-03,6.2776e-04,1.1393e-03,6.6938e-04,9.5973e-04,3.6017e-04,6.9221e-04
,6.3036e-04,2.1655e-03,1.0731e-03,1.0574e-03,6.4974e-04,6.1516e-04,3.4306e-03,1.1306e-03,4.9970e-04
,5.3387e-04,1.0824e-03,3.5765e-04,4.5103e-05,0.0000e+00,9.8614e-05,7.1929e-03,7.9097e-04,1.1133e-03
,1.0886e-03,1.1109e-03,1.4170e-03,3.5273e-03,9.3033e-04,7.2200e-05,9.3703e-04,9.4319e-04,1.2532e-03
,1.8498e-03,6.1803e-03,1.7232e-03,8.7204e-04,8.9965e-04,7.6314e-03,5.4633e-04,1.3161e-03,1.3104e-03
,2.5177e-03,1.7034e-03,6.0444e-03,1.9597e-03,1.5916e-03,2.6653e-03,1.0913e-03,2.3513e-03,2.3287e-03
,1.9363e-03,2.6530e-03,2.9131e-03,1.9708e-03,2.1786e-03,1.7672e-03,2.1015e-03,2.7522e-03,1.4887e-03
,2.6238e-03,2.7688e-03,2.7432e-03,1.6171e-03,2.7499e-03,2.6948e-03,2.7452e-03,1.0651e-03,2.3370e-03
,1.8402e-03,2.5301e-03,2.7445e-03,2.6519e-03,2.1970e-03,2.2333e-03,2.6406e-03,2.0188e-03,2.6448e-03
,2.8478e-03,2.8817e-03,2.5171e-03,1.6234e-03,3.0994e-03,2.8061e-03,2.0337e-03,2.4565e-03,2.6978e-03
,2.9900e-03,2.5463e-03,9.0741e-04,8.1636e-04,1.1513e-03,1.9481e-03,1.6291e-03,1.0671e-03,4.5808e-03
,5.4098e-03,4.8934e-03,4.7984e-03,4.3450e-03,4.5241e-03,1.8337e-02,4.8419e-03,1.1869e-02,4.6820e-03
,2.1957e-02,4.8062e-03,9.9719e-03,1.2995e-03,9.5620e-04,8.8639e-04,9.4269e-04,1.0040e-03,1.0727e-03
,9.6447e-04,1.0459e-03,1.2258e-03,1.1661e-03,1.0268e-03,1.4261e-03,9.5735e-04,1.2909e-03,6.3161e-04
,3.7747e-04,3.7390e-04,4.3945e-04,4.7818e-04,4.5306e-04,9.0617e-04,6.2979e-04,5.9384e-04,8.1905e-04
,5.6683e-04,8.5534e-04,8.5551e-04,1.0221e-03,9.8214e-04,8.5275e-04,1.0274e-03,9.9026e-04,1.0049e-03
,9.6549e-04,3.7225e-04,1.1736e-03,1.0013e-03,1.0730e-03,9.7969e-04,1.0442e-03,9.3585e-04,1.0306e-03
,1.0448e-03,1.0410e-03,1.1240e-03,1.1106e-03,1.0383e-03,1.0284e-03,7.9792e-04,8.6559e-04,1.0460e-03
,1.2081e-03,1.0569e-03,7.9817e-04,9.3049e-04,1.1100e-03,7.5075e-04,1.0546e-03,8.1114e-04,1.1053e-03
,7.6413e-04,8.4390e-04,3.8699e-04,9.5862e-04,9.5265e-04,1.1509e-03,1.1916e-03,6.8128e-04,2.9354e-04
,5.0532e-04,2.4018e-04,8.6998e-04,4.1385e-04,1.0403e-03,1.3229e-03,1.0203e-03,9.9425e-04,1.1502e-03
,1.0781e-03,9.9960e-04,1.0424e-03,6.2868e-04,7.1824e-04,1.0868e-03,6.9991e-04,9.4925e-04,9.4293e-04
,7.5758e-04,9.9112e-04,8.3723e-04,1.1032e-03,9.0427e-04,7.6394e-04,8.6162e-04,8.5469e-04,1.5053e-03
,7.7738e-04,6.5200e-04,8.5977e-04,1.1645e-03,1.0310e-03,1.2199e-03,8.0310e-04,1.6949e-03,9.1221e-04
,1.0508e-03,1.1864e-03,1.1667e-03,9.8921e-04,1.0327e-03,9.7531e-04,1.0549e-03,1.0010e-03,1.2682e-03
,9.7219e-04,1.1468e-03,1.0720e-03,1.0122e-03,1.0716e-03,8.4556e-04,1.3003e-03,1.1724e-03,1.3062e-03
,7.3624e-04,7.6286e-04,7.8276e-04,1.0518e-03,1.0180e-03,9.3271e-04,1.1350e-03,1.0209e-03,1.0707e-03
,1.2637e-03,1.3600e-03,1.0822e-03,1.1740e-03,1.0401e-03,1.1138e-03,1.0665e-03,1.1695e-03,1.1832e-03
,8.7969e-04,1.1393e-03,3.2964e-04,1.1095e-03,5.9159e-04,3.1956e-04,1.0275e-03,9.4061e-04,3.4381e-05
,1.2399e-04,1.0200e-05,1.3062e-04,1.2056e-04,3.0797e-04,7.0354e-05,7.9602e-04,2.0905e-04,5.5685e-04
,8.2781e-04,0.0000e+00,0.0000e+00,0.0000e+00,2.6846e-04,7.9170e-05,7.8834e-03,1.2307e-03,7.4402e-04
,1.2343e-03,1.1645e-03,4.4535e-04,6.0373e-04,8.4643e-04,9.4483e-04,5.0181e-03,9.2175e-03,5.1211e-04
,1.0325e-04,3.7989e-05,6.1963e-05,2.3705e-04,2.1432e-05,7.1732e-05,7.4576e-05,2.8898e-04,2.2050e-05
,0.0000e+00,7.5444e-04,6.1951e-04,1.0767e-04,3.5654e-04,2.3317e-05,2.2102e-04,1.7174e-04,1.0679e-03
,5.5524e-03,2.1486e-03,2.0899e-03,1.9764e-03,2.4655e-03,2.5491e-03,2.2431e-03,1.7432e-03,2.0068e-03
,1.8933e-03,2.6157e-03,1.8823e-03,2.5350e-03,1.9009e-03,2.5439e-03,1.8495e-03,1.9697e-03,9.3385e-03
,2.6088e-03,2.1598e-03,2.1576e-03,2.4364e-03,2.6632e-03,3.3557e-03,2.0150e-03,3.5581e-03,2.6503e-03
,2.5411e-03,2.4537e-03,2.6268e-03,1.8460e-03,3.7080e-03,2.1262e-03,2.0666e-03,1.6167e-02,2.5460e-03
,2.2240e-03,1.3547e-03,3.7152e-03,3.7174e-03,4.5336e-03,1.9099e-03,4.2064e-03,9.7607e-03,4.6905e-03
,2.4665e-03,5.0226e-03,2.0104e-03,3.3611e-03,1.9450e-03,1.3574e-03,2.1433e-02,7.4420e-03,2.1743e-03
,1.3609e-03,4.9797e-03,5.2644e-03,6.6609e-03,1.7836e-03,7.8962e-03,8.6898e-03,3.8020e-03,7.6788e-03
,4.6953e-03,3.2897e-03,5.7580e-03,2.0334e-03,1.3849e-03,3.3476e-03,2.3838e-03,3.4422e-03,2.8176e-03
,2.7189e-03,2.9388e-03,2.8671e-03,2.4476e-03,2.9360e-03,3.3449e-03,3.5705e-03,4.6622e-03,3.0716e-03
,2.3033e-03,3.1145e-03,2.3886e-03,8.6734e-03,9.0336e-03,1.4476e-02,4.7482e-03,2.9317e-03,2.9956e-03
,1.8004e-03,2.2183e-03,6.2847e-04,7.9769e-04,5.1316e-03,2.9412e-03,2.9665e-03,3.3319e-03,3.3787e-03
,3.9322e-03,3.8664e-03,3.6441e-03,1.0980e-03,1.1654e-03,3.9228e-03,8.6742e-04,1.4363e-03,1.1681e-03
,3.2851e-03,8.7672e-04,6.6583e-04,2.2698e-04,1.1485e-03,6.4549e-04,5.6816e-04,8.3185e-04,1.2045e-04
,1.5535e-04,3.0905e-04,4.7809e-04,9.5386e-04,3.1130e-03,2.0150e-03,5.8617e-03,3.2603e-03,5.2985e-03
,5.2788e-03,3.2811e-03,4.0376e-03,3.2944e-03,5.4622e-03,4.6166e-03,8.7968e-03,5.7008e-03,5.0368e-03
,5.2079e-03,5.1073e-03,4.5171e-03]
Mean Feature importances std. deviation Across Runs
[2.1573e-06,1.1958e-05,1.4353e-05,1.7709e-05,1.3387e-05,5.7032e-05,2.9292e-05,3.7077e-06,1.4249e-05
,1.3227e-05,3.5657e-07,0.0000e+00,3.0274e-05,2.2724e-05,2.2297e-05,1.9314e-05,2.1667e-05,2.8506e-05
,1.1690e-05,4.9439e-05,1.4644e-05,2.6404e-05,1.0990e-05,2.7789e-05,1.8526e-05,2.2033e-05,3.0007e-05
,1.3066e-05,1.1766e-05,2.5290e-05,1.6258e-05,1.0249e-05,1.4900e-05,2.3589e-05,1.4350e-05,3.0828e-05
,1.6821e-05,2.9467e-05,1.1193e-05,7.3590e-06,2.4771e-05,1.3009e-05,1.6980e-05,9.4050e-06,8.3395e-06
,1.0806e-05,3.3254e-05,1.8016e-05,1.8519e-05,1.0950e-05,1.4580e-05,3.4478e-05,1.0687e-05,1.0058e-05
,1.2989e-05,1.7878e-05,1.0674e-05,3.3661e-06,0.0000e+00,4.9606e-06,5.7339e-05,1.3433e-05,1.1076e-05
,2.2084e-05,2.1059e-05,2.3476e-05,2.6805e-05,1.4047e-05,3.2093e-06,2.2125e-05,2.2192e-05,2.3133e-05
,2.8218e-05,5.3561e-05,2.7628e-05,2.1003e-05,1.7580e-05,7.8422e-05,9.9758e-06,1.6261e-05,2.0522e-05
,3.0201e-05,1.7589e-05,6.3235e-05,2.4479e-05,2.3787e-05,2.1188e-05,1.9133e-05,1.7556e-05,3.6116e-05
,1.9907e-05,3.3185e-05,2.6297e-05,2.5200e-05,2.4039e-05,2.6000e-05,1.8551e-05,1.6317e-05,1.1753e-05
,2.8537e-05,3.5176e-05,3.8992e-05,2.6066e-05,3.4418e-05,4.8231e-05,2.7501e-05,1.9832e-05,3.6956e-05
,2.7217e-05,3.1475e-05,3.7706e-05,2.8346e-05,3.2846e-05,1.6230e-05,4.9181e-05,1.9095e-05,1.7468e-05
,3.3640e-05,3.3666e-05,2.7900e-05,3.0306e-05,3.7905e-05,3.7689e-05,1.6740e-05,3.4400e-05,3.1820e-05
,4.2024e-05,2.5045e-05,2.2702e-05,1.5757e-05,2.1806e-05,3.2735e-05,1.8585e-05,1.2620e-05,4.8708e-05
,2.8220e-05,5.3035e-05,3.3556e-05,3.0652e-05,4.7969e-05,2.1867e-04,3.4637e-05,1.6264e-04,4.4761e-05
,2.3859e-04,4.9392e-05,6.1590e-05,1.6450e-05,1.8101e-05,1.5064e-05,2.9906e-05,1.6859e-05,1.3261e-05
,1.3794e-05,1.5207e-05,4.2765e-05,1.8917e-05,1.6130e-05,3.1818e-05,8.6815e-06,1.8738e-05,1.6548e-05
,1.5818e-05,8.2252e-06,9.1839e-06,1.4386e-05,1.1429e-05,1.6033e-05,1.1452e-05,1.0999e-05,1.8626e-05
,1.5566e-05,1.6427e-05,1.4947e-05,1.6188e-05,1.9695e-05,1.6006e-05,1.1312e-05,1.5072e-05,1.4292e-05
,1.9362e-05,1.0320e-05,1.1953e-05,1.7097e-05,2.1780e-05,1.1794e-05,2.4348e-05,1.1322e-05,9.2129e-06
,2.2690e-05,9.8134e-06,1.8069e-05,1.8903e-05,2.0846e-05,1.6183e-05,1.4583e-05,1.7443e-05,2.0533e-05
,2.4568e-05,1.5563e-05,1.7587e-05,2.6897e-05,1.9699e-05,1.1652e-05,1.8735e-05,2.0887e-05,1.8376e-05
,9.1923e-06,1.0971e-05,1.0760e-05,1.8520e-05,1.7134e-05,2.0636e-05,2.4318e-05,1.5545e-05,7.0363e-06
,7.1337e-06,6.6196e-06,1.6241e-05,1.4894e-05,1.2985e-05,2.0002e-05,1.4574e-05,1.5657e-05,1.5782e-05
,2.1007e-05,1.6211e-05,1.0639e-05,1.1541e-05,9.6306e-06,1.7597e-05,1.7352e-05,1.2535e-05,1.1812e-05
,1.1444e-05,1.6063e-05,2.0482e-05,1.9636e-05,1.1669e-05,2.0657e-05,1.3753e-05,1.6808e-05,3.6761e-05
,1.6758e-05,1.3421e-05,1.7829e-05,2.2127e-05,1.7160e-05,1.9007e-05,1.8087e-05,2.8139e-05,1.3829e-05
,2.2015e-05,2.9075e-05,3.7570e-05,1.5705e-05,1.1526e-05,2.2269e-05,2.3485e-05,1.5533e-05,2.3058e-05
,2.0760e-05,2.2455e-05,1.7760e-05,2.6437e-05,9.3772e-06,1.8771e-05,2.0529e-05,1.9404e-05,1.7077e-05
,1.8588e-05,1.1864e-05,1.6840e-05,1.3746e-05,2.1211e-05,1.0165e-05,1.7693e-05,1.9185e-05,1.3208e-05
,1.5524e-05,1.9710e-05,1.2919e-05,1.2523e-05,7.2331e-06,1.2176e-05,2.0044e-05,1.5424e-05,1.6666e-05
,2.1186e-05,1.6563e-05,9.2500e-06,1.9382e-05,1.2718e-05,4.9854e-06,2.4962e-05,1.8403e-05,2.3286e-06
,4.1875e-06,1.4430e-06,4.1714e-06,6.4679e-06,8.3276e-06,4.0140e-06,8.2759e-06,6.6024e-06,9.5992e-06
,1.9355e-05,0.0000e+00,0.0000e+00,0.0000e+00,7.5580e-06,4.2859e-06,3.8860e-05,2.1909e-05,1.6743e-05
,1.3864e-05,2.5547e-05,1.0765e-05,1.5801e-05,1.2587e-05,1.5338e-05,4.2138e-05,6.7928e-05,7.2920e-06
,9.0729e-06,3.1608e-06,4.1751e-06,8.4281e-06,1.9429e-06,4.2116e-06,4.0837e-06,6.2509e-06,2.3386e-06
,0.0000e+00,2.2645e-05,1.6646e-05,4.5631e-06,9.0191e-06,3.0516e-06,8.1801e-06,8.2601e-06,1.8530e-05
,4.7796e-05,3.4063e-05,3.6002e-05,2.6811e-05,3.0509e-05,4.4718e-05,2.2802e-05,1.7780e-05,2.1004e-05
,1.7180e-05,3.0739e-05,2.4053e-05,3.9010e-05,2.2425e-05,2.5917e-05,2.6047e-05,2.4068e-05,7.9686e-05
,2.2466e-05,3.3928e-05,3.6704e-05,1.4426e-05,1.8906e-05,4.0892e-05,2.8088e-05,4.1929e-05,2.5910e-05
,3.6744e-05,2.5167e-05,3.1199e-05,2.1485e-05,3.4728e-05,3.3518e-05,2.8660e-05,1.7450e-04,3.1895e-05
,2.9717e-05,1.9911e-05,5.7583e-05,5.5587e-05,8.9968e-05,3.3505e-05,8.5555e-05,1.1332e-04,8.6635e-05
,4.4462e-05,7.7597e-05,2.5851e-05,6.5530e-05,1.9454e-05,1.7733e-05,1.9609e-04,1.2923e-04,2.4635e-05
,1.2992e-05,5.0499e-05,8.2991e-05,1.4151e-04,2.5312e-05,1.0919e-04,1.1207e-04,5.2049e-05,1.2778e-04
,8.0633e-05,5.6619e-05,8.0068e-05,2.5452e-05,2.3195e-05,1.5112e-05,3.7235e-05,4.4801e-05,3.3449e-05
,3.0104e-05,2.1972e-05,2.8470e-05,2.0667e-05,3.2157e-05,5.6963e-05,5.7191e-05,4.7389e-05,3.8396e-05
,3.9215e-05,2.5708e-05,3.4863e-05,6.1771e-05,5.8168e-05,5.1717e-05,6.4903e-05,4.4313e-05,3.4039e-05
,3.4763e-05,5.7300e-05,9.8255e-06,1.1272e-05,6.3949e-05,3.1337e-05,2.8445e-05,4.3485e-05,5.4862e-05
,4.4834e-05,3.2992e-05,5.8605e-05,1.5239e-05,1.4763e-05,2.8600e-05,1.8714e-05,1.8908e-05,2.2356e-05
,3.4484e-05,1.8021e-05,1.6913e-05,8.3048e-06,1.9964e-05,1.7126e-05,8.7577e-06,1.2314e-05,5.6087e-06
,5.6364e-06,5.9241e-06,1.3603e-05,1.5980e-05,3.2602e-05,2.6330e-05,3.2852e-05,4.9093e-05,6.2992e-05
,6.6659e-05,3.4939e-05,6.6032e-05,2.7590e-05,8.2769e-05,3.0301e-05,6.3086e-05,6.8480e-05,4.4950e-05
,5.1022e-05,4.5103e-05,3.3781e-05]
